-20.442,2.1516,1.4108
-20.382,1.5129,-0.039815
-20.365,3.633,2.2485
-20.361,0.41597,-1.0049
-20.348,1.9421,-1.4649
-20.308,0.80495,-2.9388
-20.306,2.3819,3.2822
-20.289,2.7936,-0.14591
-20.287,3.5006,0.91646
-20.255,3.9316,3.8822
-20.094,-0.79432,-2.1489
-20.078,0.27776,0.96676
-20.075,-0.75312,-3.7679
-20.027,2.681,5.0569
-20.022,1.074,2.5858
-19.919,4.6592,1.255
-19.914,4.2974,5.5122
-19.85,4.9759,2.729
-19.764,3.1522,6.639
-19.764,4.1167,-0.11616
-19.742,3.3743,-1.5061
-19.678,2.4961,-2.9906
-19.621,0.45723,-4.5349
-19.613,5.3819,4.2758
-19.6,-1.6761,-3.0179
-19.568,1.6634,-4.1391
-19.544,-0.94548,-0.5111
-19.457,4.6388,7.1022
-19.446,-2.0192,-4.2813
-19.377,3.3863,8.0679
-19.289,2.4935,7.3567
-19.275,-0.82914,-5.1381
-19.252,1.1694,4.2105
-19.165,5.618,1.7346
-19.127,5.7015,5.8615
-19.063,-1.8352,-1.8428
-19.001,1.3986,-5.0913
-18.895,0.056803,2.6205
-18.886,6.1223,3.0059
-18.885,4.6123,-1.2762
-18.812,5.4001,0.24781
-18.785,3.9083,-2.8339
-18.783,1.7774,6.2863
-18.778,-2.5832,-3.1309
-18.756,4.8199,8.7179
-18.703,0.34046,-5.6264
-18.655,6.1001,7.4875
-18.646,-2.1062,-5.6328
-18.567,2.9222,-4.7901
-18.528,3.2914,9.5013
-18.503,6.5591,4.5715
-18.497,-0.8864,1.0246
-18.455,-3.0695,-4.54
-18.438,2.1687,8.1277
-18.19,-0.82995,-6.2544
-18.189,1.5078,-6.0844
-18.097,-1.7999,-0.52175
-18.048,0.89757,5.1484
-17.987,5.4536,-0.99638
-17.957,6.7689,6.1149
-17.923,-3.4031,-5.9935
-17.913,6.486,1.5364
-17.898,0.33449,-6.6159
-17.849,0.19256,3.9885
-17.83,-2.7041,-1.9455
-17.755,4.9926,-2.2447
-17.648,4.7964,10.461
-17.629,6.1829,9.0022
-17.613,-3.4206,-3.3777
-17.592,-2.1582,-6.923
-17.589,2.9096,10.978
-17.572,1.4986,7.285
-17.565,6.9427,3.2732
-17.489,2.0488,9.5237
-17.472,-4.0966,-4.771
-17.413,6.1519,-0.12339
-17.386,4.3894,-3.8149
-17.263,0.93714,6.1733
-17.223,6.9379,7.5232
-17.192,-0.80343,2.5668
-17.185,1.5936,8.3298
-17.17,-4.4863,-6.0499
-17.15,2.6132,-6.4332
-17.13,1.2003,-7.3238
-17.107,0.36556,5.0631
-17.076,-0.5631,-7.612
-16.929,-1.6994,0.81019
-16.908,7.1852,4.8517
-16.893,5.8792,-1.4837
-16.881,-3.8186,-7.4788
-16.752,3.8577,-5.4388
-16.728,4.0086,12.018
-16.693,7.0935,6.2986
-16.651,-2.6356,-0.74212
-16.528,-3.5254,-2.2644
-16.528,1.5377,10.822
-16.504,-4.3934,-3.6771
-16.501,-0.34667,4.2108
-16.459,7.1445,2.221
-16.454,-5.0853,-5.1148
-16.444,-2.1776,-8.2092
-16.4,6.8308,0.69186
-16.365,2.5035,11.953
-16.364,5.3988,-2.9035
-16.362,6.2044,10.32
-16.341,7.3125,3.5279
-16.316,-5.3895,-6.7123
-16.315,5.2191,11.412
-16.277,1.1873,9.2155
-16.251,6.4832,-0.60274
-16.235,0.89354,7.5093
-16.117,6.9723,8.7645
-16.036,3.4239,-6.6657
-15.975,-1.7175,1.974
-15.867,0.098946,5.7424
-15.867,0.61245,-8.4742
-15.857,4.9138,-4.488
-15.763,-0.96028,-8.8129
-15.759,2.3589,-7.7627
-15.753,7.1457,7.2198
-15.696,-1.249,3.3114
-15.572,7.3125,5.7716
-15.554,4.7332,12.274
-15.536,-3.3971,-8.8284
-15.502,-5.0149,-8.2386
-15.425,7.475,4.3571
-15.395,-2.1236,-9.1111
-15.384,-5.3971,-4.0492
-15.361,6.4141,-1.8593
-15.319,-0.78608,4.5736
-15.318,-6.0728,-5.5826
-15.302,-4.4596,-2.6745
-15.294,-2.6407,0.66925
-15.283,0.47107,10.366
-15.276,-3.5701,-1.1568
-15.246,7.5042,2.9456
-15.206,3.2347,12.828
-15.195,4.4535,-6.1295
-15.135,3.6261,-7.3433
-15.109,1.1374,12.286
-15.101,7.2714,1.4265
-15.079,6.9288,-0.17335
-15.073,0.35218,8.7222
-15.042,-6.456,-7.2996
-14.975,5.9058,-3.5787
-14.938,5.9124,11.528
-14.821,6.9049,9.9384
-14.804,-1.4017,-9.5634
-14.756,-2.2108,2.4928
-14.751,-0.057806,7.1989
-14.67,-0.14176,-9.4792
-14.574,7.2907,8.284
-14.458,-1.7078,4.0506
-14.457,5.5012,-5.0548
-14.417,1.6611,-9.3443
-14.343,7.386,6.6854
-14.292,3.1624,-8.3642
-14.285,-4.4357,-9.44
-14.274,7.6074,5.2107
-14.242,-2.6606,-9.862
-14.226,-0.98265,5.6792
-14.2,4.6985,12.659
-14.173,-6.2966,-4.47
-14.158,-6.067,-8.8361
-14.155,7.6348,3.8232
-14.154,-0.47032,11.33
-14.149,2.0637,13.263
-14.134,-5.4038,-3.1197
-14.119,-0.43924,9.6632
-14.066,-0.40025,8.3484
-14.033,-4.5553,-1.7068
-14.01,4.3031,-7.3659
-13.956,-3.8275,-0.10802
-13.926,-6.8479,-6.0298
-13.884,3.1874,-9.8353
-13.86,5.1468,-6.2831
-13.858,7.5293,2.3638
-13.855,6.6565,-2.8358
-13.84,0.98674,13.317
-13.813,7.0228,-1.2189
-13.81,-1.1178,-10.294
-13.771,6.2331,-4.1861
-13.74,-0.17659,12.865
-13.72,0.39811,-10.721
-13.718,-3.1933,1.5738
-13.521,-1.0204,7.3323
-13.481,3.3072,13.445
-13.469,7.3418,0.56615
-13.463,-7.1601,-7.6895
-13.434,6.5856,10.897
-13.434,5.7172,12.056
-13.405,2.2274,-11.253
-13.346,-2.7149,3.3322
-13.269,-2.1538,4.7938
-13.243,7.0853,9.3066
-13.23,7.672,4.6101
-13.13,4.3128,-8.9417
-13.101,-1.1649,8.7971
-13.057,7.4158,7.676
-13.051,0.30741,13.778
-13.034,-6.2484,-3.5217
-13.024,-5.4696,-10.006
-12.999,-3.8773,-10.455
-12.975,-1.3728,10.381
-12.928,-5.5519,-2.2126
-12.912,6.0733,-5.5077
-12.892,-0.6984,-11.243
-12.859,1.6645,13.998
-12.842,-6.9092,-4.8582
-12.84,-1.9176,6.2472
-12.832,7.5834,3.4507
-12.83,3.7917,-10.599
-12.82,7.6017,5.9548
-12.812,-1.567,12.188
-12.777,-4.8351,-0.77912
-12.768,5.4932,-7.389
-12.717,-0.97547,13.734
-12.708,-6.9351,-9.2637
-12.688,-2.7445,4.2678
-12.673,-2.2202,-11.007
-12.667,-4.2502,0.78492
-12.529,7.3535,-0.76675
-12.523,6.7483,-3.8384
-12.507,7.1689,-2.1927
-12.494,0.53142,-12.159
-12.429,-3.7606,2.3637
-12.411,-7.4031,-6.3633
-12.375,-1.9123,7.7415
-12.361,4.7747,12.982
-12.294,7.5768,1.9853
-12.269,3.2875,-11.782
-12.154,-3.3586,3.7951
-12.137,-6.3034,-2.7251
-12.126,6.1208,11.746
-12.077,-2.2164,13.434
-12.062,-2.8724,5.1875
-12.059,2.1608,-12.605
-12.023,7.688,4.5886
-11.967,4.5495,-9.9305
-11.966,6.7595,10.292
-11.922,-6.8663,-3.7777
-11.892,-3.5531,-11.293
-11.846,-4.8775,-10.956
-11.841,0.091786,14.654
-11.839,-2.2184,9.2822
-11.824,5.3772,-8.9031
-11.822,-7.7564,-8.0114
-11.817,-1.092,-12.069
-11.804,3.1023,14.001
-11.794,-2.3571,11
-11.79,-5.1281,0.10429
-11.771,6.3437,-6.5592
-11.767,7.5672,7.1023
-11.759,-6.3552,-10.477
-11.718,-2.7388,6.7748
-11.666,-1.7756,14.666
-11.568,7.3824,8.6971
-11.56,7.7968,0.32502
-11.55,-2.761,12.405
-11.522,4.2503,-11.186
-11.49,-6.0259,-1.3616
-11.483,-7.4757,-5.0421
-11.474,1.0865,-13.105
-11.46,-2.6988,8.0093
-11.399,7.7716,3.2929
-11.393,-4.858,1.5958
-11.389,1.6824,14.686
-11.364,-4.3146,3.1432
-11.355,7.7164,-1.3541
-11.336,6.2012,-7.8249
-11.304,-6.7987,-2.7359
-11.284,-2.5911,-12.062
-11.203,-7.6044,-9.6538
-11.197,-3.9738,4.552
-11.161,6.9259,-5.1923
-11.112,-0.091528,-13.029
-11.002,7.7708,5.7837
-10.996,-3.7516,6.0173
-10.979,3.5078,-12.679
-10.976,-3.2512,11.448
-10.959,7.6148,-3.16
-10.899,-3.4269,13.945
-10.853,-8.0219,-6.5367
-10.851,-3.2311,10.219
-10.831,2.0566,-13.56
-10.824,-3.5537,7.4469
-10.81,7.8722,4.3999
-10.805,-3.3303,8.7858
-10.779,5.3744,-10.207
-10.757,5.5222,12.418
-10.751,-7.4499,-3.6967
-10.751,-5.8545,0.37054
-10.744,6.0415,-8.9463
-10.743,6.5241,11.207
-10.698,-5.1651,2.7191
-10.695,8.0164,1.8831
-10.676,7.1246,9.993
-10.666,-3.6684,12.383
-10.659,-4.1845,-11.946
-10.651,-5.7638,-11.363
-10.599,-6.9819,-10.812
-10.563,6.8276,-6.821
-10.563,-1.507,-12.992
-10.538,0.84178,-13.695
-10.534,4.1945,13.504
-10.531,-2.5798,15.521
-10.526,-4.9946,3.9155
-10.518,-0.98871,15.377
-10.458,8.0477,-0.56664
-10.375,7.7369,7.402
-10.344,-4.811,5.3148
-10.296,-5.844,1.8159
-10.231,4.8977,-11.831
-10.187,-4.2713,8.2222
-10.18,-6.6549,-0.64141
-10.161,0.72968,15.528
-10.151,-7.2206,-2.1505
-10.105,-8.1184,-4.9881
-10.101,-3.949,15.452
-10.078,6.6584,-8.1575
-10.074,-4.7648,6.8822
-10.033,-4.2502,11.227
-10.01,-4.2948,9.5297
-10.008,8.1132,-1.7461
-9.9997,8.1822,0.53751
-9.9763,2.559,14.443
-9.9762,-8.4779,-8.3699
-9.9536,-5.8637,3.1403
-9.9435,-2.903,-12.811
-9.8905,3.0219,-13.826
-9.8649,8.0217,4.8883
-9.8369,7.3792,-5.935
-9.8173,-4.5972,12.867
-9.7978,7.5008,8.9605
-9.7564,-8.0708,-10.39
-9.7357,8.1194,3.4191
-9.6941,-0.35605,-13.995
-9.6763,-5.5354,5.8711
-9.6627,-5.3076,-12.118
-9.6543,7.7582,-4.5906
-9.6271,-5.8716,4.6154
-9.6216,6.0958,11.839
-9.5929,-4.9265,14.483
-9.5898,6.412,-9.5529
-9.5127,-6.807,0.81097
-9.4748,-6.5246,2.2774
-9.4718,-8.0687,-3.5058
-9.4511,4.3154,-13.235
-9.4439,-0.59694,15.833
-9.4415,5.9254,-11.005
-9.435,-1.8072,15.999
-9.4178,1.563,-14.525
-9.3999,-6.8497,-11.825
-9.3421,8.3671,-0.59193
-9.3209,7.9636,6.1216
-9.3056,-5.4665,8.4424
-9.299,-3.2278,16.205
-9.2681,-8.7351,-6.4053
-9.2579,-1.8437,-13.551
-9.2211,7.0362,10.641
-9.2151,8.2813,-3.0799
-9.1757,-5.9587,6.8145
-9.163,-5.4288,10.262
-9.1545,3.7333,13.684
-9.1498,-4.1651,-12.646
-9.1469,7.3768,-7.2359
-9.1285,5.013,12.813
-9.1285,-6.24,5.6905
-9.1186,-7.5297,-0.80377
-9.1067,8.3934,1.7257
-9.0518,-5.5247,11.807
-9.0388,7.0209,-8.5409
-9.0116,-6.6968,3.4656
-8.9316,-4.9059,16.227
-8.8781,5.6095,-12.382
-8.8204,8.5295,0.43926
-8.8013,-8.093,-2.2061
-8.7925,-5.882,13.314
-8.7322,-8.7899,-4.7198
-8.7229,7.7721,7.6723
-8.6916,8.675,-1.7276
-8.642,-6.8633,4.8635
-8.6349,7.9924,-5.8328
-8.6237,6.5988,-10.464
-8.6048,0.14255,15.867
-8.5643,-7.3728,2.145
-8.5434,-2.9278,-13.169
-8.54,1.4508,15.109
-8.5336,-1.2069,-14.296
-8.449,-6.8989,6.2383
-8.4411,-1.0864,16.218
-8.4306,-8.942,-9.6298
-8.4228,-6.3023,10.962
-8.4133,8.194,4.6837
-8.4085,-5.5376,-12.693
-8.3637,3.3712,-14.469
-8.351,6.3659,-11.457
-8.3447,-6.2258,14.948
-8.3366,-6.7739,7.7272
-8.2962,7.0684,-9.4788
-8.2839,-8.7217,-3.2538
-8.2322,-7.9013,0.54516
-8.2302,6.0646,11.819
-8.2288,-8.3241,-11.29
-8.2124,2.781,14.184
-8.2123,-2.4009,16.459
-8.2023,-2.0699,-13.872
-8.1601,7.5064,9.2294
-8.1595,8.5212,-4.3852
-8.1386,8.8901,-0.49331
-8.1282,-6.7044,9.5646
-8.1129,-3.687,16.622
-8.0939,-9.186,-7.8124
-8.0505,7.5452,-8.2707
-8.0289,-6.6147,12.145
-8.0198,-8.6232,-2.3016
-8.0116,5.1314,-13.774
-8.0055,-0.013248,-15.178
-7.9071,4.0458,13.361
-7.851,-7.7239,3.7416
-7.8392,-8.5027,-1.1431
-7.8246,8.4964,3.0316
-7.7463,-7.7041,5.3997
-7.7463,-4.154,-13.244
-7.7093,1.9259,-15.446
-7.7084,7.9958,-7.0377
-7.6957,8.805,-2.8421
-7.6656,5.1255,12.654
-7.6645,-9.3169,-5.9611
-7.6234,-0.42385,16.217
-7.5938,-6.2933,16.538
-7.5868,-7.1033,-12.571
-7.5751,-7.0608,10.982
-7.5592,-7.7365,6.8572
-7.514,8.03,6.2575
-7.5077,-6.9822,13.599
-7.5058,9.0249,-1.5674
-7.482,8.7897,1.0068
-7.45,8.4115,4.1404
-7.3813,-9.3004,-4.2364
-7.3556,-1.5708,-14.559
-7.3506,-2.837,-13.846
-7.3416,-4.8011,17.097
-7.3393,7.0337,-10.763
-7.3138,6.374,-12.554
-7.3092,0.58059,15.696
-7.2646,-7.7436,8.384
-7.2464,-9.1171,-10.513
-7.2275,-1.4849,16.616
-7.2187,6.944,10.622
-7.1841,-8.4334,2.0022
-7.1572,8.3203,4.8894
-7.1433,-9.1501,-2.5628
-7.1371,7.7893,8.018
-7.1289,-8.6984,0.27099
-7.0979,8.4432,-5.7019
-7.0383,-8.35,4.6934
-7.0161,7.5407,-9.2087
-7.0061,3.0869,-15.244
-6.9556,1.8327,14.808
-6.9474,7.8869,-8.0217
-6.9108,-9.4762,-9.1446
-6.8335,4.3752,-14.827
-6.8149,7.5662,9.3144
-6.7812,-8.4485,5.9063
-6.7801,-7.4196,15.262
-6.7626,-8.6307,3.6042
-6.7329,-5.5318,-13.324
-6.7252,-3.1078,16.995
-6.7126,9.0386,-0.58625
-6.6956,3.2249,13.945
-6.6423,-7.6996,12.126
-6.5802,-7.8711,10.059
-6.5567,-5.9419,17.401
-6.5269,4.5752,13.153
-6.4903,5.8992,12.068
-6.4872,-8.4837,7.3357
-6.4711,-0.36949,16.404
-6.4404,5.7588,-14.017
-6.393,0.95558,-15.895
-6.3843,8.5579,3.9192
-6.3816,2.3115,-15.845
-6.3614,-3.956,-13.916
-6.3363,-8.4928,-11.74
-6.32,8.8567,-4.0895
-6.3196,-9.3403,-0.94008
-6.27,-7.781,13.751
-6.2209,8.2357,-7.0443
-6.2069,-7.126,16.906
-6.1976,-9.7724,-5.2659
-6.1858,-9.7325,-7.302
-6.1654,8.7927,2.2964
-6.1601,9.1242,-2.16
-6.1559,-9.7791,-3.6453
-6.1343,-8.3995,8.6104
-6.0746,-9.3962,-10.356
-6.0491,-9.2807,0.9096
-6.0174,-0.80183,-15.529
-6.0075,8.3387,5.4129
-5.9956,-2.451,-14.554
-5.9778,-9.7422,-2.3571
-5.9289,-9.0634,4.76
-5.8768,-6.9926,-12.929
-5.8388,6.4462,-13.036
-5.8387,8.0719,7.0112
-5.8206,6.9264,-11.752
-5.7863,6.7693,11.072
-5.7825,-1.5696,17.051
-5.773,7.3962,9.9679
-5.7344,3.4459,-15.617
-5.7341,7.7842,8.5789
-5.7106,-9.034,6.3508
-5.6887,7.8541,-8.4878
-5.6782,7.4486,-10.128
-5.6544,-9.351,2.7879
-5.6236,-4.7861,17.732
-5.5949,0.75997,15.578
-5.5512,-4.9158,-13.883
-5.5252,-6.3741,17.757
-5.5247,9.1089,0.58502
-5.4504,8.517,-5.7041
-5.4447,9.1797,-0.89758
-5.442,-7.9177,16.076
-5.4288,-5.8993,-13.542
-5.3322,2.364,14.557
-5.2654,-9.731,-9.1315
-5.2501,-8.1934,14.703
-5.2293,3.8445,13.754
-5.2095,-9.0966,7.7794
-5.1874,8.8461,3.2069
-5.1707,-0.44364,16.536
-5.1609,0.3663,-16.259
-5.1306,-8.7706,9.4382
-5.1302,6.0691,-13.875
-5.1243,-10.257,-3.0021
-5.106,-10.123,-1.6013
-5.1059,5.2058,12.952
-5.1048,5.0819,-15.079
-5.1012,-8.54,11.184
-5.075,-8.397,13.022
-5.035,-9.9624,-0.047245
-5.0124,-10.258,-4.4015
-5.006,9.0517,-3.213
-4.9793,-9.4664,5.6093
-4.9409,-9.8478,1.3966
-4.8948,-2.9473,17.722
-4.8836,8.6824,4.4155
-4.8562,1.999,-16.475
-4.8123,6.3562,11.921
-4.8029,-9.4703,6.6193
-4.7847,-3.8501,-14.646
-4.732,-10.088,-6.0128
-4.5977,8.753,-4.483
-4.588,-8.026,-12.522
-4.5853,-0.65028,-16.193
-4.5852,9.0306,2.0252
-4.5753,7.1411,10.673
-4.5691,-7.5331,17.346
-4.4963,-9.3015,-10.925
-4.4907,-5.3936,-14.121
-4.4851,-6.6669,-13.456
-4.4523,7.6488,9.3075
-4.4492,9.1738,-0.45778
-4.4253,-2.0427,-15.569
-4.4117,6.6887,-12.777
-4.3835,-9.7987,4.3082
-4.372,8.1222,-7.178
-4.3534,9.1072,-1.872
-4.3513,8.0335,7.7833
-4.3102,-9.9742,-7.7025
-4.284,7.1658,-11.12
-4.2669,8.4273,5.9743
-4.2482,-5.9776,18.038
-4.2066,-10.626,-3.5963
-4.1725,3.768,-16.102
-4.1618,-10.078,2.4813
-4.0809,-10.589,-2.374
-4.0782,8.4191,-5.6686
-4.0714,-8.4315,15.851
-4.0173,4.5028,13.531
-4.0155,-9.6782,7.2876
-4.0062,-9.7978,5.9515
-3.9935,-1.3724,17.099
-3.9837,0.050147,16.072
-3.9805,-9.3879,8.6592
-3.9347,-10.517,-0.89515
-3.8896,8.88,3.3212
-3.8794,1.3969,15.037
-3.8716,7.5582,-9.2648
-3.805,0.39142,-16.856
-3.7966,5.9749,-14.202
-3.7952,-4.3676,18.118
-3.7715,9.1441,0.65454
-3.7651,-9.2429,10.222
-3.7247,-10.412,0.84578
-3.7233,-8.7844,14.153
-3.6076,8.8343,-3.3768
-3.606,3.1006,14.164
-3.5438,-9.8336,-9.2356
-3.5382,8.7001,4.5643
-3.496,-10.572,-4.8179
-3.4247,-1.0873,-16.538
-3.4155,5.7522,12.844
-3.3835,2.7968,-16.769
-3.354,-9.0758,12.148
-3.3441,6.8801,11.493
-3.344,-4.8041,-14.871
-3.2991,-3.4007,-15.612
-3.2837,1.708,-16.999
-3.2636,-6.1352,-14.129
-3.2252,7.4357,10.08
-3.2119,6.853,-11.95
-3.2076,5.026,-15.455
-3.1924,-10.265,-6.5517
-3.1909,-7.4699,-13.328
-3.1634,-6.9561,17.942
-3.1453,9.0775,-0.7593
-3.1429,8.4801,-4.7666
-3.1213,-2.8293,17.852
-3.1149,-10.79,-3.2882
-3.0711,-10.002,6.6377
-3.0526,-10.391,2.0978
-3.0519,-10.187,3.387
-3.0346,-2.2318,-16.239
-3.0256,7.8472,8.6659
-2.9979,-8.7265,-12.178
-2.9494,9.0103,2.0337
-2.9097,-10.002,-7.9283
-2.8799,-9.8194,7.9191
-2.8628,-10.782,-1.8563
-2.8555,-9.5513,9.2178
-2.8363,8.0986,-6.1817
-2.7869,-8.0916,17.022
-2.7689,6.4025,-13.098
-2.7643,-0.61947,16.45
-2.7632,8.2115,7.0856
-2.7194,7.0687,-10.727
-2.7154,-10.087,5.1272
-2.6836,4.4286,13.577
-2.6703,8.8746,-2.2041
-2.6521,-5.6256,18.21
-2.6074,-10.571,-0.36942
-2.5759,-0.30914,-17.018
-2.5184,3.9114,-16.536
-2.5005,-9.5867,-10.66
-2.4936,0.45943,15.551
-2.4773,7.7308,-7.7883
-2.4588,8.6025,5.4435
-2.3883,-8.7445,15.384
-2.3192,0.87478,-17.217
-2.2378,1.8493,14.611
-2.2193,-1.696,17.169
-2.2059,-10.237,2.5394
-2.1913,8.8684,3.6586
-2.182,-10.759,-4.1612
-2.1275,-4.1015,18.136
-2.1273,5.7599,-14.402
-2.0763,-10.386,1.1633
-2.0352,-5.5331,-14.723
-2.032,-8.8952,13.628
-2.0091,7.6601,9.5044
-2.0086,-4.2796,-15.547
-1.9742,-9.3105,10.48
-1.9719,9.076,0.48515
-1.9622,6.5425,12.168
-1.95,-2.9548,-16.247
-1.9446,-6.7612,-13.956
-1.9304,7.2377,10.766
-1.9299,2.4206,-17.179
-1.9174,-10.585,-5.5641
-1.9159,-1.5066,-16.818
-1.9028,7.2378,-9.3557
-1.898,6.6571,-11.942
-1.8979,8.4677,-3.673
-1.8558,8.1269,-5.1712
-1.838,3.2592,13.926
-1.7943,-10.725,-2.8676
-1.7798,5.3919,13.025
-1.7603,-10.022,3.6812
-1.7485,-9.8127,-8.944
-1.7457,-10.108,-7.1874
-1.7045,-7.9794,-13.026
-1.7038,-2.8748,17.72
-1.6675,8.857,-1.1426
-1.6606,-9.884,6.804
-1.6519,-9.5767,8.6511
-1.615,-9.0068,12.137
-1.6064,-10.53,-1.3839
-1.4841,-6.96,17.885
-1.4692,-10.276,-0.13318
-1.4303,4.3443,13.465
-1.411,4.9981,-15.762
-1.3996,-8.8396,-11.714
-1.3771,8.6312,-2.3553
-1.333,-0.15568,-17.322
-1.3288,7.9536,8.1767
-1.2889,9.0321,2.0507
-1.1871,6.1826,-13.19
-1.1534,-0.69729,16.126
-1.1476,8.3772,6.4593
-1.1456,6.8392,-10.697
-1.1256,-9.962,2.3308
-1.0952,-5.2881,18.17
-1.0836,7.681,-6.5037
-1.068,-9.7896,5.0455
-1.0494,-8.1915,16.49
-0.9322,0.73545,14.925
-0.91617,-6.0907,-14.455
-0.91003,1.1841,-17.546
-0.88216,-9.3436,-10.352
-0.85695,7.295,-8.1561
-0.84178,8.704,4.8521
-0.78479,5.9324,12.388
-0.77212,3.8525,-16.943
-0.73339,-8.5254,14.761
-0.72578,-2.4227,-16.65
-0.70051,-5.0354,-15.232
-0.66335,-2.1593,17.139
-0.62626,2.2091,14.149
-0.5928,-3.6901,-16.114
-0.58859,-10.553,-4.1908
-0.52617,8.9478,0.90854
-0.5216,-9.8772,0.76089
-0.52144,6.808,11.371
-0.51078,-10.08,-0.80827
-0.50525,7.6107,9.7563
-0.50024,8.8021,-0.31754
-0.48731,-7.0967,-13.675
-0.47996,-10.35,-2.3039
-0.45838,-3.7699,17.821
-0.45604,4.9156,12.981
-0.45455,-8.5245,13.019
-0.43349,-9.6638,3.6088
-0.4101,3.613,13.522
-0.39283,5.626,-14.508
-0.37755,8.8246,3.2976
-0.36795,-9.7635,-7.9003
-0.3636,-8.9444,9.483
-0.36342,-8.6868,11.278
-0.35565,6.4627,-11.937
-0.34021,-9.2142,7.7568
-0.33972,-10.085,-6.1831
-0.33854,8.6,-1.679
-0.3253,7.01,-9.5144
-0.31591,-9.5024,-9.2071
-0.311,8.3263,-3.066
-0.30289,7.9585,-4.7391
-0.25065,-1.2315,-17.121
-0.22369,-8.1521,-12.492
-0.1774,-6.1352,17.865
-0.1702,-9.411,6.2088
-0.16994,2.4336,-17.461
-0.14671,-8.7691,-11.287
0.049396,7.8872,8.4693
0.079891,0.16526,-17.592
0.10694,8.1442,7.3019
0.14563,-5.0991,17.867
0.14605,7.3778,-7.3611
0.17505,-7.2136,17.205
0.20521,-9.4583,2.2148
0.24197,-9.3483,4.8086
0.24464,8.8813,1.9048
0.33772,1.3281,-17.673
0.34239,6.6452,-10.71
0.37482,-9.5982,-0.26973
0.39994,8.4756,5.8492
0.41372,6.0074,-13.174
0.41516,-0.27892,15.171
0.46733,-7.8674,15.752
0.53395,-1.4955,16.233
0.56525,7.1075,-8.4803
0.58171,4.688,-15.837
0.60385,-5.9308,-14.537
0.61224,-9.7727,-1.5144
0.62873,1.1056,14.291
0.6502,8.6768,-0.92867
0.65431,-8.8654,6.9709
0.67397,-9.3132,-8.6407
0.67704,7.6119,-6.2119
0.68582,-8.951,-10.1
0.70822,8.6884,4.3447
0.71416,5.7186,12.05
0.78183,-4.4441,-15.638
0.79011,-2.8976,16.953
0.79963,-7.9918,14.109
0.8154,-9.1396,3.5381
0.81751,-9.8734,-3.0941
0.85087,4.2179,12.888
0.87474,8.8437,0.44448
0.88906,-9.222,0.82577
0.89233,8.183,-3.7313
0.96233,-8.9043,5.7737
0.96809,3.5593,-17.2
0.97333,-8.1979,10.279
0.98124,7.9822,8.0027
0.99567,7.7559,9.1095
1.0239,-8.2606,-11.63
1.0385,6.7967,-9.65
1.0448,2.661,13.516
1.0637,-8.3886,8.3561
1.0976,8.7723,2.9783
1.1028,-4.3498,17.428
1.1126,-2.6257,-16.631
1.1908,-7.9453,12.18
1.1974,8.4858,-2.2814
1.2052,-9.4011,-7.1439
1.2095,7.0652,10.575
1.2137,-8.8677,4.6195
1.2482,-7.2854,-13.128
1.2771,-9.673,-4.9916
1.2796,-5.9733,17.715
1.2803,5.3604,-14.302
1.3021,-0.71023,-17.298
1.3034,6.152,-11.822
1.3396,2.1287,-17.725
1.375,0.7137,-17.689
1.43,-9.0979,-0.58466
1.434,7.1764,-7.4391
1.5213,7.7787,-4.9018
1.5237,6.4657,-10.587
1.5827,-8.8247,2.214
1.6784,8.8343,1.763
1.6873,8.2687,6.874
1.702,-7.2649,16.606
1.7219,-8.327,6.7056
1.7498,5.7493,-13.108
1.7571,-1.0546,15.396
1.7606,-7.5579,15.17
1.7948,-9.1593,-2.0844
1.842,0.092228,14.501
1.8809,8.6216,5.2552
1.8901,-5.0956,-15.023
1.9299,6.7607,-8.7059
1.9468,-2.1475,16.253
2.0106,4.2051,-16.505
2.0157,3.5529,12.761
2.0207,8.7746,-0.80278
2.0295,-8.5532,3.7289
2.0338,-8.4082,5.226
2.0684,7.8756,8.265
2.0689,-9.276,-3.5043
2.079,8.7093,3.8443
2.1026,-7.6623,10.878
2.1046,-8.7322,-8.7872
2.1208,1.3467,13.728
2.1281,4.71,12.202
2.1424,6.4894,-9.8196
2.1607,7.5954,9.4437
2.2094,-8.2221,-10.595
2.2208,-7.6943,-11.934
2.2448,8.777,2.7328
2.272,-8.5117,0.62734
2.274,-3.4728,16.821
2.28,-7.6869,9.4606
2.2911,7.2445,-6.2136
2.3331,4.7039,-15.29
2.3523,8.0949,-3.5802
2.3528,-3.964,-15.773
2.3845,-6.109,-14.131
2.3947,-9.1089,-6.0977
2.4228,5.9387,11.343
2.4613,0.05572,-17.537
2.5265,-4.9502,17.151
2.5288,-7.358,13.695
2.5454,8.834,0.62343
2.6114,-8.8418,-7.2937
2.6274,-6.2726,16.971
2.6369,-7.6663,7.7784
2.669,-8.3984,-1.0625
2.6896,2.4694,12.966
2.7098,5.67,-12.327
2.7291,1.3778,-17.823
2.7387,6.0245,-10.873
2.8339,-7.3171,11.927
2.8416,3.177,-17.387
2.8483,-1.6085,15.597
2.9517,5.1865,-13.776
2.9558,6.7437,-7.6021
2.9669,-2.7627,-16.299
3.0123,-1.308,-17.027
3.036,6.9031,10.161
3.038,-0.68587,14.86
3.0399,-7.813,6.1027
3.0483,-6.9687,-12.838
3.0503,8.7295,1.9081
3.1077,8.3893,-2.0775
3.1092,-8.4608,-2.7279
3.1304,-6.8213,15.57
3.1353,8.3637,5.9859
3.1676,-8.8854,-4.6414
3.2106,7.4882,-4.8862
3.2135,7.9823,7.3617
3.22,4.1174,-16.189
3.22,0.42011,13.998
3.2334,8.6016,4.5734
3.248,-7.9898,4.4037
3.2573,-8.0169,2.34
3.2843,-4.8585,-14.793
3.2843,-7.1995,10.483
3.2908,4.9632,11.639
3.2968,8.7232,3.1929
3.3567,7.5289,8.7678
3.3729,1.4467,13.305
3.3821,3.7009,12.198
3.3907,-2.5814,16.163
3.4553,6.2988,-9.2478
3.5007,-7.4797,-11.339
3.6193,-7.9202,-9.6701
3.6354,-8.5503,-6.3876
3.6511,-8.2357,-7.9842
3.6992,8.5536,-0.45208
3.704,5.597,-11.703
3.7086,-7.104,8.9139
3.7191,-7.8613,-1.5797
3.766,-6.9604,12.779
3.8121,5.3197,-12.68
3.8302,-4.0216,16.683
3.8542,0.29342,-17.466
3.8591,-7.6288,0.045477
3.8841,8.6625,0.9322
3.892,-5.6714,16.71
3.9123,4.4582,-15.034
3.9291,-3.5588,-15.526
3.9721,5.7996,10.825
4.0112,7.0191,-6.3163
4.0319,-5.8403,-13.689
4.1245,-1.5511,15.336
4.137,7.8584,-3.4678
4.1525,-7.7677,-2.505
4.1618,-6.8421,11.541
4.1766,-6.6951,14.039
4.2325,-8.0069,-3.6315
4.2423,-7.0932,7.1135
4.2928,8.0138,6.4908
4.3436,1.9405,-17.516
4.3527,2.3014,12.669
4.358,-7.3442,5.3352
4.367,-2.2406,-16.285
4.3857,5.734,-10.642
4.4396,8.2587,5.2693
4.4644,-0.35436,14.4
4.4969,8.541,3.879
4.5148,4.5962,11.495
4.5638,0.90384,13.508
4.5917,-6.5691,-12.255
4.6185,-7.4331,3.6214
4.6477,8.7383,2.2359
4.6763,-6.614,10.111
4.6975,6.4529,-7.8001
4.7009,7.6429,7.7459
4.7988,4.8059,-13.576
4.8062,-7.9092,-5.1717
4.8093,3.4815,11.983
4.8586,-7.4072,-2.9273
4.8587,-7.1507,-1.6285
4.872,3.5589,-16.395
4.875,5.2656,-11.983
4.8819,6.8283,9.5051
4.9123,-7.7718,-7.0174
4.9137,-0.8485,-16.888
4.9437,-6.2077,15.434
4.9733,-7.468,-8.6887
4.9967,7.3859,-4.9576
5.0431,-4.4342,-14.397
5.104,-6.4472,12.646
5.1297,-7.0595,1.7325
5.134,-7.0268,-10.518
5.1686,8.0955,-1.7384
5.1741,-7.421,-3.8538
5.218,-6.7716,6.0455
5.2204,-6.4654,8.4847
5.2701,4.2628,-14.922
5.2729,-2.8534,15.98
5.2965,-6.336,11.217
5.332,-6.8262,-0.095118
5.3536,5.994,-9.3075
5.4475,-4.8027,16.415
5.4674,8.6184,0.36587
5.4963,0.72058,-17.172
5.5009,-5.4612,-13.068
5.5026,-2.9982,-15.427
5.5055,8.3787,4.6331
5.5354,-6.4451,7.0664
5.5391,-6.1807,14.045
5.6269,5.4213,10.617
5.6803,-6.733,4.6646
5.7191,-6.8067,3.207
5.7494,-1.2137,15.017
5.7571,-1.7649,-16.132
5.7671,2.1643,-16.993
5.8288,8.5787,3.4062
5.872,1.6162,13.044
5.8791,2.821,12.238
5.892,-6.7462,-2.9795
5.9027,6.7278,-6.4042
5.9585,4.0863,11.479
5.9775,7.6762,-3.5428
5.9872,7.9962,6.1475
6.0372,-6.9904,-4.5467
6.042,-6.0612,-11.718
6.0964,-7.1535,-6.0971
6.1334,0.25223,14.007
6.142,-5.9502,11.73
6.1561,-7.0324,-7.6901
6.2127,5.3984,-10.769
6.263,-6.1845,6.0129
6.2866,3.8709,-15.383
6.3088,-6.6938,-9.1903
6.3215,-4.562,-13.592
6.3377,4.8192,-12.517
6.4036,-6.1911,-1.286
6.4267,7.283,8.1469
6.4326,4.3613,-14.101
6.4464,-5.8591,10.016
6.4507,8.61,2.0099
6.4896,-6.2498,0.6598
6.5181,-6.326,3.6576
6.5257,6.1567,-7.9732
6.556,-6.2858,-10.456
6.5639,-5.7816,13.066
6.5676,-6.3305,2.3513
6.6099,-3.5599,-14.414
6.691,7.172,-4.9877
6.7184,8.2521,4.4453
6.7251,8.2979,-0.84426
6.7408,-0.46136,-16.372
6.7408,2.8677,-16.162
6.7745,6.2181,9.5622
6.7911,-5.7581,7.6402
6.7951,5.7579,-9.3458
6.8305,-5.5362,14.994
6.8468,-5.0887,-12.545
6.9326,-5.986,4.7106
6.967,-5.9888,-2.6745
6.9731,1.3498,-16.67
6.9862,2.2895,12.664
7.0238,-6.2384,-3.8684
7.0625,8.4225,3.2111
7.1015,-2.098,-15.297
7.1033,7.8911,-2.258
7.1533,6.3818,-6.8614
7.1779,-3.8658,16.306
7.1913,-2.0333,15.704
7.2211,-6.4717,-5.2949
7.2403,-6.4206,-8.2176
7.2484,6.6937,-5.9794
7.3135,3.3607,11.889
7.3157,1.3293,13.44
7.3164,-0.58712,14.892
7.323,-6.5309,-6.8469
7.3875,-5.521,-11.209
7.4043,-5.4345,11.638
7.5128,-4.1165,-13.365
7.5347,-5.5303,5.9123
7.6068,0.40899,14.205
7.6096,4.846,10.636
7.6137,7.8304,5.3342
7.6177,8.4542,0.58781
7.6578,-5.6862,3.3354
7.7296,-5.4573,-0.25702
7.7355,7.5001,-3.7824
7.7473,-5.8396,-9.5345
7.7561,-5.6105,1.5259
7.7901,-5.3408,-1.9691
7.8018,-5.5535,-3.2322
7.8212,6.0647,-7.4904
7.8264,4.8395,-11.538
7.8922,4.3247,-13.148
7.8928,5.3005,-10.008
7.9005,3.6039,-14.879
7.9144,6.595,8.5294
7.9236,-5.4094,4.6673
7.931,5.7282,-8.594
7.9722,8.3152,2.287
7.9908,-2.9018,-14.059
8.0075,-5.2005,10.361
8.0345,7.3094,6.8769
8.0398,5.8549,9.5208
8.1013,-5.1641,8.8906
8.1872,-5.6632,-4.4373
8.2151,-4.6473,-12.16
8.2292,6.8827,-5.1779
8.2401,8.1833,-1.0981
8.2592,6.337,-6.4736
8.2645,8.1018,3.9072
8.2732,2.1028,-15.88
8.325,0.52768,-16.184
8.3467,-0.88164,-15.54
8.3988,-5.0651,13.265
8.481,-5.9447,-5.9858
8.5248,-1.8495,-14.662
8.525,0.022233,14.729
8.5419,2.4181,12.815
8.5876,-5.8565,-7.7593
8.5983,-4.8699,7.0336
8.6935,-4.9211,5.3848
8.6983,-4.5659,15.237
8.7401,-1.0653,15.51
8.7437,1.0539,13.976
8.7492,7.6461,-2.5268
8.7713,-4.9543,-10.693
8.8129,-4.9332,3.9874
8.8597,6.0928,8.9768
8.8998,3.8298,11.641
8.9202,-4.8381,11.365
8.9207,-3.6657,-13.101
8.9492,-2.8776,15.886
8.9604,-4.9464,2.426
8.9904,8.2345,1.3974
9.0065,-4.7161,-1.1379
9.0081,5.4487,9.8356
9.0364,7.4943,5.312
9.04,-4.836,0.65815
9.1826,-4.6643,9.8473
9.1853,-4.785,-3.1399
9.2272,5.7897,-7.5646
9.2424,4.7716,10.737
9.2936,4.8336,-10.642
9.2953,5.3152,-9.1683
9.3059,6.6781,8.0112
9.3066,4.3267,-12.112
9.3245,-5.0599,-9.1287
9.3781,8.2469,0.069793
9.3997,8.0486,2.6487
9.4331,-0.077272,-15.613
9.4772,-2.5124,-13.944
9.4842,3.7404,-13.626
9.495,-4.404,8.4171
9.5016,-5.1785,-5.0142
9.5596,7.1765,-4.0078
9.5805,-4.4182,5.9474
9.6144,2.5949,-14.856
9.6538,1.1948,-15.61
9.6617,-4.1659,-11.781
9.7349,-4.3691,4.7398
9.764,-5.3843,-6.5812
9.7757,7.8951,-1.4246
9.8454,6.3366,-5.7911
9.8512,-1.1947,-14.829
9.8705,7.0563,6.5957
9.8921,7.701,4.0041
9.8988,-3.8273,15.305
9.9145,-4.2509,3.3605
9.9335,-5.2114,-7.8901
9.9833,5.8821,8.9705
10.029,-4.3583,14.093
10.075,7.4231,-2.6198
10.096,-4.0551,7.0233
10.167,-4.0925,9.3709
10.173,-4.4106,12.377
10.187,-4.2021,-1.8182
10.254,1.7954,13.549
10.268,-4.4579,-10.29
10.274,0.13564,14.817
10.289,5.1279,10.077
10.299,3.1657,12.388
10.311,-1.6733,15.678
10.342,-4.1703,-0.28158
10.345,-4.1116,10.647
10.387,4.3155,11.245
10.407,-2.9666,15.615
10.448,-3.2018,-12.82
10.452,-4.1239,1.6853
10.464,5.3437,-8.3832
10.489,-4.5039,-4.266
10.494,4.334,-11.219
10.53,7.0805,5.2035
10.557,8.0742,1.414
10.664,-3.8777,4.2087
10.666,7.7716,2.9021
10.679,0.13114,-15.155
10.762,-3.8183,5.5366
10.806,3.7503,-12.438
10.882,-4.6123,-8.7145
10.884,-3.6829,8.3263
10.884,-4.7864,-5.6378
10.918,4.7661,-9.7612
10.938,-4.0601,-3.0132
10.95,6.5862,-4.5681
10.959,7.9559,-0.36017
10.964,5.6999,-7.1092
10.97,-1.9624,-13.741
10.972,6.3619,7.7152
10.977,-4.856,-7.1857
10.978,-3.6535,9.5791
10.99,2.8353,-13.755
11.018,-3.5745,14.792
11.026,1.56,-14.757
11.075,-3.591,3.1276
11.121,6.9806,-3.2681
11.149,7.4424,-1.8538
11.16,6.7543,6.2891
11.22,-3.7954,-11.433
11.297,-0.87108,-14.516
11.355,7.3815,3.974
11.388,5.4828,9.1282
11.454,-3.4985,6.8604
11.5,-2.5018,15.32
11.533,-3.7339,11.593
11.541,-3.5005,10.343
11.594,-3.7858,13.299
11.622,-3.7064,-1.4712
11.674,4.7265,10.439
11.709,-1.1008,15.134
11.718,-4.109,-9.9284
11.72,6.0665,-5.6754
11.781,-3.5324,0.40688
11.809,1.1178,13.889
11.823,-3.327,4.2702
11.837,3.6702,11.643
11.837,2.4122,12.804
11.873,5.0346,-8.2628
11.888,-4.4819,-7.8184
11.939,-3.3287,2.1026
11.95,-3.2165,3.1614
11.992,-0.036396,14.478
12.006,6.8762,5.2634
12.053,-4.0687,-4.4022
12.054,-3.3103,5.6832
12.057,-3.0556,14.379
12.061,-3.2434,7.8362
12.072,7.528,2.4645
12.11,-4.2587,-8.7687
12.112,3.8997,-11.098
12.125,-3.232,9.149
12.178,7.6406,0.73056
12.252,-3.6094,-2.8652
12.299,2.9759,-12.622
12.301,-2.7886,-12.607
12.331,0.2628,-14.497
12.378,6.3892,6.6677
12.385,1.8396,-13.754
12.396,7.2874,-0.88014
12.425,-4.4625,-6.425
12.442,6.8182,-2.4299
12.481,6.3241,-4.0705
12.501,-1.4011,-13.894
12.549,5.6971,8.0783
12.582,5.3322,-6.8621
12.651,-3.3417,12.191
12.665,-2.0916,14.667
12.782,-3.6158,-10.929
12.793,4.9489,9.4005
12.8,4.3368,-9.4332
12.88,-3.1658,10.673
12.886,7.0506,3.9437
12.907,-2.9827,6.7435
12.912,-3.3557,-2.0112
12.968,-2.9032,8.1
12.973,-0.83154,14.411
12.993,-3.185,-0.68765
13.044,-4.2672,-7.9863
13.045,-3.9723,-9.416
13.065,-2.8906,3.1542
13.094,4.0512,10.591
13.12,0.38715,13.899
13.133,-2.8465,13.439
13.208,7.2277,1.5627
13.209,1.5954,13.134
13.306,-2.8763,4.9986
13.341,5.63,-5.454
13.406,-2.8504,1.1118
13.47,4.6592,-7.988
13.486,2.7537,11.787
13.51,7.1194,2.6924
13.569,6.3001,-2.9689
13.581,-3.9731,-5.181
13.586,7.0101,0.2427
13.608,2.0215,-12.73
13.62,2.9872,-11.591
13.653,6.4278,5.4591
13.674,3.6982,-10.395
13.679,-2.8425,9.1197
13.685,-1.7355,14.02
13.706,0.91992,-13.609
13.727,5.7434,7.0355
13.857,-3.3617,-3.3297
13.881,-3.1348,-1.6709
13.894,4.9843,8.3789
13.895,-0.52907,-13.875
13.919,6.5459,-1.5071
13.928,4.311,9.5257
13.984,-2.0353,-13.204
14.01,-2.8857,11.921
14.09,-3.0835,-11.819
14.096,4.9452,-6.6522
14.106,0.7186,13.206
14.177,5.8131,-4.0663
14.188,-2.6783,7.6319
14.249,-3.6258,-10.226
14.311,-0.53936,13.588
14.356,-3.9846,-8.6498
14.381,-4.146,-6.7908
14.394,-2.6343,6.0761
14.453,-2.9515,-0.4372
14.455,-2.6211,5.0394
14.501,-2.6023,4.0112
14.501,3.4001,10.344
14.507,1.5595,12.396
14.586,-1.9993,13.031
14.624,6.6636,3.7589
14.635,1.2248,-12.789
14.66,6.78,1.7052
14.666,-2.7538,10.358
14.679,-2.6376,2.4313
14.7,3.8475,-9.034
14.705,5.7133,6.201
14.712,4.3616,-7.6276
14.823,6.0001,-2.7575
14.856,1.9653,-11.821
14.896,0.21073,-13.174
14.939,2.9468,-10.583
14.959,5.2499,-5.3581
15.027,5.0289,7.3315
15.036,6.0114,5.163
15.101,2.2271,11.213
15.11,6.4759,-0.1175
15.157,-3.7071,-4.9803
15.193,3.9778,8.7879
15.206,-1.0279,-13.136
15.211,-3.0924,-1.8536
15.213,-2.7014,0.92889
15.214,0.46682,12.741
15.301,-2.6496,8.7648
15.534,6.0387,-1.6157
15.542,4.6015,-6.664
15.576,-2.4866,-12.553
15.581,1.2629,11.872
15.591,-3.3767,-11.056
15.627,-3.8566,-9.5148
15.636,-2.4985,5.068
15.69,-0.25438,-12.762
15.735,-0.8874,12.652
15.785,-4.1065,-7.9723
15.785,-2.2856,11.649
15.795,3.8931,-7.8542
15.796,5.7226,-2.5799
15.845,0.7004,-12.271
15.89,5.416,-3.7608
15.896,3.4577,-8.6655
15.9,2.7055,9.8608
15.918,-2.5376,3.3766
15.928,-2.5869,6.9579
15.956,-3.3117,-3.3819
16,-2.6529,2.0241
16.017,-2.8708,-0.43224
16.019,5.2166,5.9567
16.08,2.9018,-9.4841
16.083,5.852,4.3757
16.17,6.3396,2.7685
16.244,-3.969,-6.3749
16.275,6.2123,1.0683
16.295,-2.4945,10.007
16.301,1.6615,-10.752
16.395,0.31788,11.857
16.424,1.5055,10.857
16.43,4.1888,7.437
16.564,-0.9731,-12.145
16.565,4.6605,-5.3725
16.58,3.1507,8.5854
16.61,5.9822,-0.50083
16.724,-2.7495,0.92166
16.806,-4.165,-8.9032
16.88,3.8634,-6.8107
16.913,-3.6189,-4.7951
16.914,-1.006,11.568
16.917,-2.6135,-11.549
16.946,5.4625,-2.1769
16.959,3.0928,-8.239
16.98,-3.6641,-10.231
16.987,0.32347,-11.389
17.01,-1.9285,10.83
17.032,-2.5121,5.7192
17.044,-2.5558,8.5039
17.094,-3.155,-1.8387
17.095,5.0516,4.916
17.229,-2.4778,4.2792
17.295,-4.255,-7.6107
17.373,5.4683,3.5814
17.385,-2.9941,-0.26424
17.388,-1.6924,-11.292
17.419,2.0107,-9.3683
17.461,-2.6364,2.4595
17.464,1.872,9.2964
17.479,-3.4115,-3.4285
17.499,5.7611,0.58569
17.502,4.2591,6.1027
17.612,5.9393,1.9863
17.665,0.25638,10.634
17.717,-1.1576,10.622
17.731,-2.0049,9.7919
17.788,-0.78525,-10.941
17.794,4.528,-3.838
17.872,0.68359,-10.274
17.878,3.0147,7.5487
17.887,-2.6753,6.9311
17.921,-4.0093,-6.0983
18.029,3.7103,-5.5483
18.062,5.2574,-0.61196
18.162,-2.3783,-10.417
18.183,2.2285,-8.2342
18.228,-2.9918,0.84352
18.239,2.9699,-7.0537
18.363,-4.032,-9.0338
18.428,-2.7844,5.3351
18.431,4.3532,4.5298
18.625,-0.84429,9.7638
18.638,4.538,-2.087
18.671,-3.7892,-4.4262
18.676,-4.2534,-7.3509
18.7,4.9897,2.8154
18.71,-3.5479,-2.6472
18.756,1.0878,-8.8818
18.759,0.62782,9.2757
18.77,-2.8963,3.7266
18.799,5.0601,1.0606
18.832,-3.3409,-0.80849
18.846,1.6947,8.1754
18.875,3.3241,6.0235
18.947,-2.0132,8.4409
18.975,3.4763,-4.4149
19.108,-0.76031,-9.5236
19.137,3.7704,-3.2362
19.199,2.355,7.0302
19.213,-3.1274,2.1233
19.343,1.7589,-7.4561
19.373,-2.5786,-9.1333
19.498,2.4474,-5.6502
19.595,0.76638,8.3602
19.622,4.2497,-0.43302
19.626,-0.3849,8.7036
19.632,3.3286,4.8033
19.676,-3.4104,0.65512
19.718,4.4051,2.1036
19.728,-4.0653,-6.0703
19.733,3.8991,3.4212
19.774,-3.0586,4.8062
19.778,-3.904,-3.4186
19.875,-3.6199,-7.9308
19.921,-2.7408,6.5272
19.96,3.4792,-2.0661
19.981,4.1702,1.0597
19.984,1.3643,7.388
19.999,0.1737,-7.9489
20.142,-4.0487,-4.5346
20.189,2.6445,-3.6865
20.27,2.2244,5.9014
20.301,-3.707,-0.43825
20.337,0.27518,7.865
20.355,-3.8584,-1.9698
20.461,0.87848,-6.3984
20.513,-3.2711,3.3476
20.55,-1.7776,-8.0085
20.558,-1.0761,7.6348
20.57,3.4861,0.5102
20.632,-3.5379,1.6947
20.772,3.0204,-0.7185
20.774,1.2378,-4.7694
20.794,2.7659,4.105
20.863,-3.6709,0.48802
20.961,-0.51636,-6.8844
20.969,-3.2054,-6.8851
20.973,3.3424,2.1007
21.061,-3.8842,-3.5662
21.087,2.2821,-2.1048
21.161,0.46524,6.6188
21.286,-2.8325,4.9966
21.339,1.2939,-3.3131
21.388,2.5086,0.57795
21.393,-3.4255,-5.2161
21.443,-0.2885,-5.3667
21.473,-1.3803,6.1313
21.535,-1.8458,-6.2975
21.569,0.35234,-4.1417
21.612,1.3371,4.9271
21.689,-3.354,2.3635
21.714,1.8136,-0.71363
21.847,-3.7383,-0.61199
21.876,-3.4503,1.0667
21.902,-0.13565,5.2841
21.96,-2.8976,-3.8286
21.973,-0.6369,-4.0933
21.982,0.97501,-1.9554
21.986,-3.2653,-2.4269
21.993,1.8563,3.1917
22.019,-1.7932,-4.706
22.059,2.0457,1.6901
22.059,0.023847,-3.0793
22.191,-2.6915,3.4789
22.252,1.3074,0.59009
22.301,-1.5967,-3.0504
22.41,-1.4065,4.6351
22.453,0.53084,-0.60057
22.538,-0.47216,-1.7427
22.552,-2.0899,-1.314
22.576,0.26056,3.9528
22.649,-2.3496,0.33531
22.663,-2.4937,1.9322
22.694,-0.87573,-0.24985
22.735,0.13155,0.59425
22.824,0.59539,2.0419
22.964,-1.1702,2.9474
22.965,-1.0312,1.2552
