-21.221,1.8369,-1.1422
-21.057,1.8745,1.4464
-21.044,3.7601,-0.06212
-20.821,0.065244,-2.2509
-20.82,4.2714,2.0097
-20.788,2.9761,3.7631
-20.707,-0.0013269,-0.16892
-20.696,1.6868,-3.2678
-20.547,3.7205,-2.3514
-20.509,0.11069,-3.9873
-20.449,5.2183,0.64485
-20.35,3.7881,5.4743
-20.331,-1.4145,-3.3963
-20.317,0.92014,3.5691
-20.297,-1.6018,-1.4377
-20.277,5.2201,4.1035
-20.214,1.8325,5.6721
-20.182,5.1634,-0.87956
-20.173,-0.2781,1.8406
-19.995,2.9652,-4.1808
-19.832,-1.6315,0.44265
-19.831,3.5223,7.4443
-19.826,-1.033,-5.3884
-19.822,-2.7974,-4.5054
-19.767,1.3129,-5.2728
-19.752,5.3012,6.1778
-19.751,1.5771,7.5464
-19.745,0.11239,5.0063
-19.739,-2.9855,-2.6596
-19.68,6.1321,2.0204
-19.557,-0.86964,3.6228
-19.459,6.0908,0.17042
-19.455,0.18591,6.6397
-19.371,6.3662,5.1733
-19.37,-1.8928,2.1132
-19.343,-2.6526,-5.963
-19.304,5.3343,-2.3063
-19.229,4.4375,-3.8842
-19.173,-3.1615,-0.68249
-19.146,-4.0729,-5.5143
-19.135,2.188,9.1758
-19.124,-4.2027,-3.8038
-19.095,5.9884,-1.0941
-19.045,6.7819,3.837
-19.029,-2.7546,0.974
-19.026,0.36005,8.4961
-18.91,0.06542,-6.9234
-18.883,3.362,-5.7114
-18.876,-1.3896,5.4931
-18.815,5.5198,7.9316
-18.742,-4.2576,-2.1995
-18.698,-1.7484,-7.0052
-18.65,1.898,-6.9861
-18.599,4.1394,9.36
-18.584,-3.0282,2.0762
-18.55,-2.5439,3.6627
-18.505,-1.1277,7.5204
-18.502,-3.493,-7.014
-18.491,6.6498,-0.47944
-18.473,6.773,6.4649
-18.45,7.1281,5.0601
-18.449,7.003,0.85282
-18.363,-5.4446,-4.7567
-18.274,-5.2841,-6.5878
-18.262,5.5306,-3.3662
-18.201,3.0308,-6.9926
-18.177,7.4898,2.4846
-18.159,-5.2026,-3.2011
-18.083,-3.9962,0.90386
-18.036,0.77419,10.188
-18.013,-4.6146,-0.86298
-17.951,-2.8023,5.2572
-17.937,-0.95268,9.3603
-17.896,-0.81809,-8.0704
-17.883,-5.1162,-2.0405
-17.834,6.535,-1.9709
-17.829,-2.4567,6.7005
-17.796,0.76004,-8.2568
-17.718,-3.8445,2.7052
-17.681,7.741,4.1287
-17.653,5.1283,-5.0088
-17.536,2.8116,10.759
-17.534,-4.5488,-8.1474
-17.529,5.703,9.3858
-17.473,2.6412,-8.1977
-17.466,-2.2942,8.348
-17.448,7.7183,5.6255
-17.447,7.4204,-0.31394
-17.44,4.0224,-6.8585
-17.427,-6.4311,-7.9417
-17.423,6.8721,8.0327
-17.394,-6.0544,-3.9044
-17.387,-2.5425,-8.431
-17.378,-3.7347,4.3232
-17.308,4.5424,10.399
-17.221,6.1343,-3.6209
-17.161,-5.4941,-1.3624
-17.151,7.5801,6.8515
-17.139,-5.8338,-2.581
-17.118,7.907,1.2114
-17.017,-3.242,7.4843
-16.949,-0.59898,10.953
-16.919,-3.7368,6.0587
-16.909,-4.8127,1.8626
-16.903,-6.9019,-5.5486
-16.806,1.3501,-9.3327
-16.75,-2.4071,10.199
-16.697,-5.3947,0.18975
-16.692,-5.4835,-9.1221
-16.619,1.0543,11.565
-16.54,-3.4384,8.758
-16.526,-4.7423,3.3718
-16.523,-0.61803,-9.6134
-16.412,-4.0259,-9.3974
-16.351,8.3346,2.8743
-16.343,-4.5391,4.856
-16.313,8.1639,6.248
-16.263,7.6357,-1.3992
-16.217,-6.6811,-3.4579
-16.216,4.1765,11.432
-16.204,8.3128,4.831
-16.194,5.6159,10.574
-16.191,6.4583,-4.7532
-16.17,-2.5596,-9.7993
-16.163,7.0424,-3.0339
-16.148,4.1219,-8.3488
-16.142,-4.1702,7.5389
-16.139,-6.9545,-9.3468
-16.134,6.9611,9.3974
-16.119,8.1064,0.075509
-16.035,2.7024,-9.6217
-16.029,-0.24343,12.187
-16.024,-7.8925,-7.6238
-15.977,-1.739,11.983
-15.932,-3.7756,9.9864
-15.928,5.533,-6.6571
-15.904,-6.3253,-1.5277
-15.895,2.6382,12.215
-15.808,7.9459,7.7127
-15.807,8.4105,1.3435
-15.678,1.1739,-10.526
-15.54,-3.6058,11.622
-15.525,-4.4546,8.9083
-15.516,-5.0111,6.2223
-15.422,-5.4026,-10.293
-15.304,-5.4411,4.334
-15.301,-5.8741,2.1246
-15.263,-3.6293,-10.584
-15.207,0.93616,13.067
-15.193,-6.2834,0.15028
-15.179,-7.4549,-4.4151
-15.172,-5.0096,7.793
-15.166,-1.9809,-10.891
-15.131,8.254,-0.79973
-15.125,-0.86729,13.175
-15.002,3.9141,12.383
-14.969,-4.7169,10.361
-14.934,-0.3078,-11.278
-14.884,5.2641,11.724
-14.882,6.7504,-5.7201
-14.88,-8.3077,-9.1375
-14.843,-8.1025,-5.9892
-14.834,4.0559,-9.8884
-14.799,-2.5599,13.297
-14.79,2.6167,-10.984
-14.766,8.5817,0.45657
-14.729,7.3609,-4.1852
-14.728,6.7358,10.699
-14.714,5.3772,-8.5199
-14.693,8.6566,6.0803
-14.68,-7.1634,-10.512
-14.635,8.0135,-2.2794
-14.598,-7.2598,-2.7941
-14.564,8.8579,2.0711
-14.562,8.8162,3.9797
-14.482,-4.8807,11.741
-14.443,-8.5332,-7.5978
-14.436,7.9503,9.2635
-14.411,-4.3294,13.15
-14.401,1.2107,-11.797
-14.356,-4.5861,-11.215
-14.295,-5.8001,7.2955
-14.294,-5.5323,9.0062
-14.246,-1.4394,14.011
-14.198,2.7577,13.384
-14.186,-6.0921,5.6359
-14.146,6.5203,-7.2047
-14.139,-7.0129,-0.91158
-14.11,-0.13505,14.174
-14.06,8.5483,7.7686
-14.015,-1.5372,-12.123
-13.986,-3.2206,-11.855
-13.957,-5.9158,-11.338
-13.932,-6.4065,3.8294
-13.923,2.471,-12.24
-13.906,-6.8077,0.8951
-13.844,-3.4672,14.239
-13.84,1.2614,14.116
-13.812,-2.3448,14.4
-13.78,8.6737,-0.79939
-13.747,-5.7559,10.834
-13.723,-0.090453,-12.627
-13.68,4.0415,-11.71
-13.652,-6.7308,2.357
-13.621,4.6042,12.891
-13.568,5.4508,-10.132
-13.477,-8.4435,-10.306
-13.46,-5.7207,12.655
-13.419,1.4092,-13.198
-13.415,6.3452,-8.7501
-13.386,-6.364,8.2203
-13.304,-8.9018,-8.6314
-13.299,-1.2755,14.94
-13.283,6.2895,11.997
-13.267,-7.3608,-11.542
-13.239,-4.7827,-12.113
-13.226,7.5937,-5.7049
-13.222,-8.1236,-4.3253
-13.179,3.061,-13.43
-13.174,8.2066,-3.6395
-13.136,9.073,0.81185
-13.13,-5.0616,14.69
-13.13,-6.69,6.8971
-13.12,-2.3577,-12.846
-13.09,-1.2486,-13.194
-13.037,8.6191,-2.093
-13.026,7.8111,10.713
-12.914,-8.8029,-6.6388
-12.91,-6.5621,9.6284
-12.905,9.181,5.0435
-12.89,2.0987,14.337
-12.809,-7.7603,-2.1405
-12.804,9.0716,6.851
-12.797,-7.0244,5.24
-12.735,-7.2501,1.6635
-12.725,-6.19,-12.288
-12.715,-2.9625,15.354
-12.581,1.8858,-14.77
-12.581,9.3564,2.921
-12.559,-3.6278,-13.015
-12.543,4.7388,-13.358
-12.518,-0.067361,-14.214
-12.513,0.53912,15.267
-12.502,7.2668,-7.7905
-12.468,5.6758,-11.703
-12.438,8.8016,8.845
-12.408,3.5547,13.912
-12.345,-7.3091,3.3232
-12.342,-7.5813,0.0010875
-12.245,-7.1542,8.2759
-12.179,3.6783,-14.913
-12.164,-6.8591,11.571
-12.12,-7.3402,-12.396
-12.099,-9.1925,-9.8046
-12.065,-6.6374,13.705
-11.983,-5.189,-13.125
-11.982,-2.1615,-14.083
-11.949,-8.6595,-11.557
-11.942,-1.3164,15.893
-11.878,6.8281,-9.9874
-11.863,-8.7679,-5.2728
-11.852,9.138,-0.87863
-11.851,-8.2985,-3.1378
-11.763,-7.5607,6.7232
-11.718,-9.3337,-8.2097
-11.69,-8.5846,-4.1719
-11.655,8.8324,-2.8539
-11.645,-6.5066,-13.044
-11.578,8.4516,-4.6865
-11.565,9.4246,5.9146
-11.556,-4.5384,16.365
-11.55,5.4728,13.273
-11.544,7.408,12.102
-11.521,0.77041,-15.859
-11.47,-6.413,15.581
-11.47,2.5097,-16.211
-11.469,-7.467,9.8361
-11.394,2.3134,14.861
-11.385,-7.7914,1.7756
-11.309,5.9331,-13.046
-11.305,8.0808,-6.5677
-11.277,6.521,-11.703
-11.265,-7.8361,5.0416
-11.206,5.1777,-14.652
-11.182,9.4326,1.1346
-11.162,8.6227,10.629
-11.157,-4.0758,-14.199
-11.154,9.514,4.4704
-11.134,-0.21713,16.286
-11.104,-0.96685,-15.626
-11.101,-2.6786,16.584
-11.045,9.4403,7.3592
-10.945,-9.5037,-10.588
-10.907,-9.6016,-9.3879
-10.86,4.2161,-16.215
-10.841,-8.6863,-3.4159
-10.818,-9.3187,-6.5034
-10.787,7.8055,-8.3991
-10.763,-1.292,16.755
-10.761,-7.8312,-13.223
-10.753,-7.2813,14.491
-10.725,-7.5546,12.982
-10.707,-8.3939,-1.6179
-10.706,-8.1422,0.4062
-10.649,-7.9846,8.3228
-10.646,-9.0157,-4.7011
-10.596,3.9039,14.376
-10.593,-8.111,3.4246
-10.591,1.3889,-17.25
-10.548,-5.9395,-14.071
-10.499,-7.8349,11.282
-10.492,1.0866,15.914
-10.483,-0.006386,-16.79
-10.456,7.1255,-11.153
-10.36,9.6012,2.8717
-10.33,-2.7811,-15.501
-10.268,-8.253,6.5537
-10.253,3.0698,-17.598
-10.236,9.3059,9.0547
-10.18,-8.0742,9.8972
-10.131,9.1924,-1.9997
-10.116,-9.7487,-8.2894
-10.1,6.8339,-12.528
-10.05,8.9434,-3.7574
-10.047,8.1396,11.757
-10.004,7.6631,-9.9788
-9.9886,-9.6309,-12.038
-9.9537,-5.8681,16.993
-9.9373,6.2686,-14.125
-9.912,8.6733,-5.5418
-9.8838,9.4236,-0.30586
-9.8697,9.6859,5.8217
-9.8211,-7.3696,15.819
-9.8086,-3.891,17.445
-9.756,5.5896,-15.756
-9.6945,-2.0386,17.482
-9.6892,-8.4812,4.9929
-9.6693,8.412,-7.2351
-9.6179,-8.4343,1.8452
-9.6171,9.6968,4.2222
-9.5968,6.9484,13.005
-9.587,-0.2744,16.962
-9.5819,1.8446,-18.422
-9.5725,-9.9629,-10.035
-9.5538,5.2561,14.032
-9.5129,0.29285,-18.005
-9.4985,-1.4287,-17.058
-9.4743,-8.5615,0.056089
-9.4632,-8.0405,14.253
-9.4525,-4.7111,-15.305
-9.427,2.6701,15.305
-9.3742,-6.0112,-14.874
-9.3399,-8.5409,7.747
-9.3307,4.6463,-17.307
-9.3016,-9.5062,-5.3931
-9.2912,-9.1659,-3.4232
-9.2902,-7.1696,-14.499
-9.2767,8.9231,10.617
-9.2443,-8.3334,12.532
-9.2181,9.5862,1.3638
-9.2139,9.733,7.5637
-9.2095,8.2347,-8.7424
-9.1621,4.0864,14.745
-9.1593,-8.602,3.5903
-9.1542,-8.5451,9.1924
-9.1175,-8.4813,10.832
-9.0649,-9.8165,-7.0191
-8.9915,-8.9601,-13.929
-8.9209,7.6571,-11.514
-8.7627,9.3921,-1.3742
-8.7616,-8.7686,6.4843
-8.6975,-3.2799,-16.656
-8.6819,1.2318,16.293
-8.6164,8.1002,-10.008
-8.5388,9.2587,-2.839
-8.528,-10.246,-11.275
-8.5201,7.1622,-13.494
-8.5149,-10.152,-8.5705
-8.5072,8.2796,12.024
-8.4993,6.5634,-15.084
-8.45,3.4313,-18.977
-8.4143,9.0356,-4.609
-8.3757,9.7482,3.0997
-8.3654,8.6473,-7.7704
-8.3595,1.0616,-19.504
-8.3571,8.865,-6.3638
-8.3336,-7.158,17.168
-8.3149,9.854,4.8269
-8.3071,-9.0744,-1.2084
-8.2857,6.1169,13.907
-8.2516,-8.2725,15.66
-8.2312,-0.95898,-18.702
-8.2262,-2.9615,18.317
-8.1989,-6.2175,-15.611
-8.1877,-1.2099,17.888
-8.1824,5.9266,-16.658
-8.1323,9.6875,9.1356
-8.1271,9.5385,-0.084678
-8.1268,9.8553,6.346
-8.1147,3.6616,15.253
-8.0836,-10.347,-12.82
-8.0778,-8.9467,0.88429
-8.0722,-9.9155,-6.036
-8.0516,-2.2502,-18.058
-8.0471,4.8981,14.701
-7.9671,-4.724,-16.378
-7.961,-8.9819,4.8797
-7.955,-5.1943,18.286
-7.9533,5.1154,-18.049
-7.9099,-8.9605,2.8205
-7.8365,-10.352,-10.038
-7.8342,-9.7409,-4.6417
-7.8156,-9.0052,8.1691
-7.8152,-8.9392,11.903
-7.7852,0.16655,17.17
-7.784,9.9016,7.606
-7.7666,-1.779,-18.702
-7.7625,-8.994,10.145
-7.7362,-8.8499,13.879
-7.7246,-7.965,-15.073
-7.7128,8.5551,-9.0149
-7.6848,7.0611,-14.568
-7.587,2.4952,15.877
-7.5179,-10.222,-7.2828
-7.5027,9.2135,10.957
-7.4251,7.4207,13.255
-7.4186,-9.114,6.5552
-7.3748,9.6904,1.4565
-7.3327,7.9033,-12.503
-7.2733,-9.5859,-2.9676
-7.257,2.413,-20.454
-7.2115,1.2869,16.592
-7.2054,-0.36884,-20.081
-7.1896,9.8759,4.0574
-7.1688,8.3224,-10.766
-7.1106,9.4635,-1.6475
-7.0957,0.97792,-20.69
-7.0714,-9.6619,-14.43
-7.0604,8.5974,12.216
-7.0311,-10.527,-11.406
-7.0013,-3.8602,-17.808
-6.9854,7.5165,-13.972
-6.9772,-2.1044,-19.314
-6.9171,3.7987,-20.109
-6.9044,-10.486,-8.7763
-6.9037,4.9529,-19.194
-6.8814,9.941,6.8396
-6.8762,-9.2442,0.017252
-6.8709,9.1415,-5.5265
-6.8476,-8.3975,16.977
-6.8462,-8.8484,15.452
-6.8102,-0.6153,17.867
-6.7991,8.9683,-7.46
-6.7637,6.0018,14.457
-6.7247,-1.8641,18.656
-6.7176,9.3054,-3.632
-6.6975,6.9528,-15.672
-6.6824,9.9431,5.397
-6.6713,-7.0727,-15.952
-6.6013,-5.6348,-16.679
-6.5878,-9.3006,11.192
-6.562,-10.215,-5.8095
-6.5537,-7.0458,18.339
-6.5485,9.8057,2.8875
-6.5304,6.158,-17.694
-6.5272,9.8997,8.1103
-6.4948,-3.6297,19.032
-6.438,-9.9625,-4.216
-6.4192,-10.593,-10.119
-6.4037,9.5914,-0.0071042
-6.3649,-9.516,-1.397
-6.3359,-9.2488,3.9497
-6.3339,-9.3091,12.745
-6.3222,-9.2548,5.7613
-6.2815,4.086,15.487
-6.2164,-9.2773,1.7843
-6.1954,9.6991,9.7708
-6.1896,-1.1912,-20.679
-6.1894,0.50732,17.258
-6.1788,-9.3298,7.4684
-6.1579,0.10304,-21.409
-6.139,8.3119,-12.017
-6.1239,7.993,-13.113
-6.1047,-10.601,-12.971
-6.0957,1.7405,-21.605
-6.0629,8.3178,12.877
-6.0257,9.8969,4.0779
-6.0187,8.7532,-9.2797
-6.0109,3.3222,-21.203
-5.9903,-9.3677,9.5361
-5.9394,-10.575,-7.4896
-5.8859,-9.2371,14.437
-5.8762,-8.4449,-15.482
-5.8225,2.1065,16.472
-5.7188,4.7027,-20.441
-5.6504,9.2895,11.626
-5.6443,9.4381,-2.3851
-5.6059,6.8037,-16.792
-5.5939,-5.3825,19.124
-5.5775,9.6993,1.4861
-5.57,9.2603,-4.8169
-5.565,9.5116,-1.1921
-5.5193,7.308,13.881
-5.4242,7.7003,-14.308
-5.4133,-3.6464,-19.35
-5.4101,-2.402,-20.654
-5.3982,-9.0699,16.171
-5.3955,-9.4614,0.03663
-5.3536,-9.9175,-2.9345
-5.3071,9.1832,-6.255
-5.2943,8.5592,-10.912
-5.2733,5.8441,-19.213
-5.2666,9.8928,6.7246
-5.1543,-10.656,-11.17
-5.1459,-10.281,-4.7367
-5.1382,-0.74476,18.247
-5.1302,-1.1496,-21.889
-5.1258,-10.716,-9.1429
-5.1083,-2.4472,19.27
-5.1002,-9.3334,6.5864
-5.0455,-5.1307,-17.965
-5.0261,-3.9173,19.535
-5.014,-9.9043,-14.495
-5.0056,-8.4912,18.15
-4.9659,9.8755,4.9001
-4.9509,-6.9005,18.873
-4.9348,-9.341,11.591
-4.917,-10.622,-6.2733
-4.9169,-9.321,13.342
-4.9072,-9.2953,5.1231
-4.9034,-9.6654,-1.3345
-4.8866,9.8042,8.5397
-4.8572,9.0533,-7.9264
-4.8385,2.7289,-22.233
-4.8357,5.814,14.935
-4.8326,9.3534,-3.5798
-4.8183,-6.9241,-16.567
-4.8038,3.1933,16.15
-4.7473,9.7885,3.1575
-4.6925,6.6428,-17.719
-4.6724,8.2703,-12.653
-4.6701,9.5564,-0.04705
-4.6312,-9.3197,3.3217
-4.5803,4.1337,-21.539
-4.5647,0.81408,-22.884
-4.5265,8.5009,12.98
-4.5185,-10.894,-7.6401
-4.4528,7.2876,-15.992
-4.4075,9.5711,10.12
-4.3784,0.9198,17.305
-4.3518,-9.3929,8.1716
-4.3344,-3.5022,-20.61
-4.2901,2.2515,16.644
-4.2177,8.8293,-9.5459
-4.213,-9.3093,9.9997
-4.199,-9.4164,1.4538
-4.1497,4.3346,15.736
-4.1462,-10.453,-12.857
-4.1058,9.2781,-5.0847
-4.086,-2.5879,-21.851
-4.0505,5.446,-20.584
-4.0265,-4.7796,19.712
-3.9951,9.4333,-1.864
-3.986,-9.1877,14.874
-3.9592,-6.0278,19.398
-3.8665,-10.497,-5.3433
-3.7884,-10.664,-10.159
-3.7721,-8.7015,-15.626
-3.7628,-9.5633,-0.31334
-3.7285,-9.2348,6.3932
-3.7263,9.6353,1.4797
-3.7158,-3.3219,19.753
-3.6634,-10.217,-3.8686
-3.6447,-9.1133,16.839
-3.6443,3.5254,-22.379
-3.6421,2.5034,-23.01
-3.6184,9.1952,-6.6929
-3.6072,9.7574,4.284
-3.5983,-9.8898,-2.0585
-3.5975,9.201,11.628
-3.5809,-7.4222,19.022
-3.5729,-1.2221,-23.064
-3.5379,7.8883,-14.245
-3.515,-4.6856,-19.588
-3.4947,8.6029,-11.13
-3.485,9.6274,8.9645
-3.4802,9.7728,5.7646
-3.4724,-0.19628,18.125
-3.4652,-10.505,-11.435
-3.4596,3.1589,16.372
-3.4485,-9.1502,13.003
-3.443,9.7949,7.5166
-3.3925,6.37,-19.084
-3.3736,-10.755,-6.6851
-3.3301,7.3123,14.197
-3.3047,-9.1718,4.7057
-3.271,-1.5828,19.1
-3.226,-5.3974,19.768
-3.1937,-8.6266,18.277
-3.1413,9.0221,-8.2642
-3.1251,-9.7897,-14.222
-3.1122,-10.819,-8.5907
-3.0838,-6.2942,-18.087
-3.0604,-9.0991,11.227
-2.9971,1.9128,17.004
-2.965,-3.854,-21.346
-2.954,9.2994,-3.6812
-2.8891,4.6466,-21.788
-2.8711,8.5932,12.922
-2.8573,5.5478,15.383
-2.8547,-7.5819,-16.732
-2.8367,0.10393,-23.834
-2.8137,9.6236,3.014
-2.8061,6.9589,-17.325
-2.8006,-9.1608,2.8905
-2.779,0.75241,17.666
-2.7657,9.4336,-0.16692
-2.7436,-9.112,9.4453
-2.645,9.4014,10.13
-2.6444,4.1776,16.053
-2.644,8.2912,-12.676
-2.6069,1.6795,-23.689
-2.5497,-4.5149,20.087
-2.5272,-9.1057,7.6824
-2.5104,-8.9895,15.85
-2.4744,8.7705,-9.7102
-2.4351,-2.7418,-22.775
-2.3611,-9.233,0.95994
-2.3546,-6.215,19.694
-2.3481,-9.0823,-15.119
-2.3447,9.1775,-5.459
-2.3217,7.5239,-15.623
-2.287,-8.4424,-15.936
-2.191,-10.359,-5.1835
-2.1638,-9.0132,6.0558
-2.1634,-2.8336,19.928
-2.1544,-10.192,-12.528
-2.1458,-8.9113,14.36
-2.1137,3.3708,-22.959
-2.0908,-10.477,-10.434
-2.0835,-9.4846,-0.97576
-2.0727,-5.6617,-19.329
-2.0631,9.5637,4.6033
-2.0459,5.7397,-20.436
-2.0368,9.4996,8.5113
-1.9624,9.0522,-7.1364
-1.9222,-7.9027,18.995
-1.8668,3.0788,16.716
-1.8324,9.4285,1.4771
-1.8288,-8.7909,17.381
-1.8257,-0.24114,18.448
-1.8007,-7.1505,-17.52
-1.778,-9.9246,-3.0286
-1.7738,-4.9168,-20.602
-1.7274,8.8789,-8.5076
-1.6922,7.942,-14.086
-1.6773,-1.3322,-24.111
-1.6765,-8.7871,12.569
-1.6565,8.4905,-11.171
-1.6514,-10.55,-7.1642
-1.575,-8.8843,4.4124
-1.5584,9.5276,6.5663
-1.5454,9.2396,-1.9732
-1.5058,9.0127,11.722
-1.4644,-9.4509,-14.126
-1.4406,-1.5773,19.443
-1.3749,8.0603,13.536
-1.3637,-8.751,10.727
-1.3379,6.5505,-18.703
-1.3321,-7.8803,-16.542
-1.3215,-10.48,-8.8018
-1.2818,-6.4915,-18.517
-1.2619,1.4425,17.617
-1.2584,0.61971,-24.491
-1.2365,-8.8053,7.179
-1.2342,-4.0696,-22.158
-1.1906,6.6473,14.92
-1.1517,-5.23,20.253
-1.1262,-8.6698,-15.384
-1.0082,-8.6163,15.782
-1.0077,-3.7431,20.406
-0.98827,-8.7169,8.8142
-0.9464,9.3748,3.1028
-0.91768,9.0933,-4.1035
-0.89289,4.779,16.157
-0.86674,-2.5044,20.073
-0.84413,9.2175,-0.05604
-0.8427,9.2343,9.804
-0.81308,8.19,-12.647
-0.80942,7.5935,-15.163
-0.79454,2.3351,-23.956
-0.74303,-9.9225,-11.442
-0.71814,-8.7433,2.4558
-0.69142,-9.8498,-4.3923
-0.67304,-2.8861,-23.489
-0.65401,4.7303,-21.846
-0.63598,-5.7956,-19.757
-0.62904,7.144,-16.72
-0.6239,-8.6617,5.9227
-0.6185,8.6443,-9.5994
-0.58405,-8.9649,0.23267
-0.53222,-8.3358,18.449
-0.52572,8.9955,-6.0352
-0.44498,8.8722,-7.8206
-0.38349,-9.2339,-1.671
-0.37128,-7.2047,-17.469
-0.36406,0.36342,18.438
-0.35863,-10.028,-5.9009
-0.33505,-0.71568,19.131
-0.32566,-9.5286,-12.849
-0.32383,3.4713,-23.026
-0.32012,-8.4005,14.059
-0.25568,-8.44,17.116
-0.25463,9.2763,8.0801
-0.20036,-1.7203,19.81
-0.19606,-9.9492,-9.901
-0.14233,-1.9023,-24.395
-0.05168,7.8153,-13.994
-0.046037,-6.7893,19.725
0.00097744,-5.0159,-21.146
0.013012,9.2665,4.8937
0.020269,-9.4113,-3.2538
0.023425,3.0162,17.228
0.032026,-8.3942,10.223
0.05361,9.1765,1.5209
0.05873,-0.60973,-24.813
0.092746,5.9061,-20.068
0.093719,8.323,-11.206
0.11018,-8.4675,7.4121
0.11801,9.0546,-1.211
0.14228,-8.8592,-14.328
0.17412,-8.4652,4.4128
0.25217,-8.2724,11.995
0.26922,8.4516,12.663
0.27391,-9.9498,-7.848
0.30759,9.238,6.6028
0.32043,-4.718,20.666
0.36469,-6.4261,-18.643
0.3735,7.6269,14.258
0.44162,8.9314,10.995
0.47012,-7.9349,-15.954
0.50078,8.9538,-2.7033
0.50862,-2.7845,20.512
0.6291,7.4199,-15.27
0.68179,0.012682,18.911
0.74003,6.5729,-18.247
0.80304,-8.2232,8.9634
0.83959,-9.3945,-4.6082
0.85755,1.3684,18.222
0.86031,2.7759,-23.564
0.87097,-3.9147,-22.646
0.87152,8.4168,-10.033
0.8816,9.0059,0.038447
0.89237,-2.629,-23.961
0.90707,1.2459,-24.587
0.92695,9.0402,9.3618
0.93699,-1.5871,-24.621
0.93974,9.0987,3.1183
0.96113,-8.0279,15.883
0.96226,-8.2476,6.0134
0.96772,8.5968,-8.6783
0.99154,-8.4109,1.2494
0.99796,-9.3078,-11.416
1.0045,6.3187,15.7
1.0148,-8.01,18.052
1.0398,7.9744,-12.652
1.0583,-9.1275,-3.4464
1.0675,-5.6908,-19.933
1.0708,-8.6474,-0.63488
1.0917,-8.9282,-13.085
1.0931,3.9393,-22.562
1.0991,-8.9182,-2.371
1.137,-1.1547,19.711
1.1465,-9.5458,-6.2532
1.1563,8.7467,-6.9256
1.2063,-8.2229,3.0167
1.31,7.6398,-14.062
1.3134,8.7727,-4.7401
1.3562,4.4796,16.836
1.3571,-7.017,-17.394
1.4626,-7.9536,10.562
1.4807,6.9908,-16.575
1.5726,8.8493,-1.344
1.6058,5.0013,-21.152
1.6196,-9.3034,-9.3894
1.6415,9.0342,5.8536
1.6621,9.0238,7.6304
1.6951,8.1161,-11.053
1.697,-7.7853,13.719
1.716,9.0235,4.4353
1.7222,-8.0014,7.5443
1.8172,8.1259,13.463
1.8317,-8.0061,4.6124
1.838,7.5199,14.782
1.842,-4.8989,-21.219
1.8596,-5.6396,20.516
1.8757,-0.57822,-24.765
1.886,8.6183,11.884
1.8888,8.8096,10.458
1.9343,-7.7482,11.998
1.9414,-3.93,21.005
1.9548,-1.8636,-24.218
1.9712,2.8956,17.724
2.0438,-8.1568,-14.279
2.0636,-6.2038,-18.669
2.0696,8.8858,1.4759
2.0805,0.18019,19.061
2.1094,3.1418,-23.074
2.1429,2.1878,-23.75
2.1651,5.8781,-19.412
2.1938,8.254,-9.6009
2.2602,-7.9797,2.0166
2.2709,8.7932,-0.12743
2.2746,-8.726,-3.5527
2.3209,-7.009,19.261
2.3686,-2.8162,-23.319
2.403,8.6672,-2.8168
2.4072,-2.2495,20.559
2.4388,-8.9593,-5.4473
2.4466,7.2415,-14.988
2.4481,-9.0905,-7.4517
2.4575,7.5718,-13.355
2.4742,-8.4783,-12.445
2.4785,-7.7069,9.1577
2.4801,7.792,-12.048
2.4921,-7.3356,-16.008
2.5544,8.3806,-8.0092
2.5767,-7.7834,6.1077
2.581,-8.3487,-1.6543
2.6095,6.5001,-17.738
2.6252,-7.4776,15.269
2.6481,8.8171,9.1923
2.6899,8.8457,3.2992
2.7427,-7.7875,3.3402
2.7749,-8.0151,0.40775
2.7774,-5.4165,-19.905
2.8234,-0.9221,19.831
2.8477,1.5527,18.486
2.8481,-3.8535,-22.103
2.8702,5.5767,16.506
2.8724,8.8405,6.5442
2.8983,-8.6324,-10.658
2.9047,3.9455,-22.119
2.9182,6.8882,15.536
2.9381,-7.3699,17.139
2.9809,8.4571,-6.227
2.9887,-7.3808,12.696
3.0454,6.8142,-16.345
3.0551,-6.602,-17.392
3.1112,-4.8235,20.978
3.1794,8.6157,-1.2042
3.1918,7.7195,14.254
3.2237,-8.7113,-9.0365
3.232,4.0772,17.369
3.2351,0.85241,-23.941
3.2659,8.7656,5.0167
3.2821,-7.3771,11.01
3.3508,-4.6291,-20.952
3.3687,-7.5803,4.7528
3.375,8.3083,12.743
3.3893,-7.5197,7.6022
3.4343,-1.3378,-23.684
3.4409,7.8265,-10.712
3.4542,-7.2047,14.044
3.461,8.7469,7.7726
3.4798,-7.8473,-13.294
3.4858,2.6134,-23.079
3.541,2.7648,17.997
3.5434,8.5471,10.838
3.5462,-5.9417,20.22
3.5604,8.4332,-4.3555
3.567,8.0586,-9.0504
3.6181,8.614,0.41175
3.6259,-7.5935,2.0775
3.6446,-3.45,21.064
3.6819,7.2359,-13.869
3.7241,-5.8608,-18.635
3.7525,7.4692,-12.445
3.8849,-2.6878,-22.547
3.9045,-8.3183,-4.5484
3.9162,4.9422,-20.407
3.9207,5.8361,-18.582
3.9254,8.6271,2.1169
3.9439,-6.7245,-16.191
3.9604,-8.4616,-6.2602
3.9809,-7.2644,-14.657
4.0159,-8.0485,-2.7836
4.0536,0.20785,19.302
4.0804,-7.0146,15.53
4.1667,6.2464,16.092
4.181,8.6132,3.6426
4.195,6.3587,-17.052
4.1963,-7.325,6.0836
4.1984,-7.3811,3.5434
4.2313,-7.826,-11.828
4.2441,-7.1739,9.1783
4.2615,-7.7057,-0.9779
4.2733,-6.7009,18.813
4.2864,8.3969,-2.5516
4.304,8.6193,6.452
4.3233,-8.3479,-7.8911
4.3859,8.5686,9.0804
4.4049,-1.6931,20.414
4.4098,8.087,-7.5368
4.4481,6.8145,-15.257
4.4935,-3.5585,-21.287
4.5013,7.0866,15.038
4.5065,-4.7941,-19.77
4.5371,-4.8496,20.897
4.5734,1.8138,18.496
4.6088,-6.8761,12.689
4.6102,-7.3847,-13.21
4.6187,5.0693,16.902
4.6206,-6.0393,-17.252
4.6671,-7.3965,0.77253
4.686,-7.2153,4.7975
4.7146,7.7833,13.636
4.7475,-7.9864,-9.757
4.7647,-6.7946,14.303
4.7989,8.1443,-5.7596
4.802,-2.562,-21.902
4.8112,-0.15592,-23.025
4.8582,8.5346,7.7233
4.8776,8.3817,-0.78305
5.0151,-1.6105,-22.452
5.0241,3.3635,-21.793
5.0435,-5.8885,19.995
5.0481,8.1289,12.07
5.052,-5.3637,-18.379
5.0557,-6.6924,17.037
5.0724,3.3924,17.771
5.0863,1.5012,-22.74
5.0949,-7.0196,7.5182
5.1311,5.8113,-17.77
5.152,7.3635,-11.383
5.1694,-7.1431,2.3797
5.2148,7.6682,-9.3774
5.262,6.9861,-13.236
5.267,-6.7847,10.737
5.2671,-7.9772,-6.7746
5.2956,-7.9025,-5.4062
5.3202,8.384,1.0125
5.3853,5.1782,-18.861
5.3994,-7.6999,-3.819
5.414,8.4471,4.9041
5.461,-3.4139,21.003
5.5116,8.1567,-4.0177
5.5266,7.9326,-6.6642
5.5308,-6.3067,-15.589
5.5631,8.287,10.376
5.6037,-6.9774,3.904
5.6048,8.3984,2.8776
5.6072,-6.8034,-13.864
5.6365,0.88599,19.034
5.6428,-6.5393,15.38
5.6458,-7.4059,-2.1474
5.6608,-7.3637,-11.013
5.6925,-7.0932,-12.366
5.727,-2.3131,-21.218
5.9041,-4.6025,-18.817
5.9071,8.4021,6.749
5.9073,6.0107,-16.463
5.9081,6.15,15.95
5.9206,-7.1369,-0.43897
5.9349,-0.41074,19.811
5.9465,-3.6059,-19.996
5.9792,-6.6928,9.0145
6.0355,4.2577,-20.14
6.0603,7.2357,14.423
6.0632,7.7099,13.065
6.0647,-6.8157,5.7006
6.0732,-6.4321,13.83
6.098,7.71,-7.6034
6.1225,5.379,-17.726
6.1554,8.1556,-2.1239
6.1676,-7.5908,-8.0332
6.231,8.3378,8.5569
6.2326,2.0309,18.393
6.2415,-5.0455,20.595
6.284,-6.884,1.1913
6.3428,6.8805,-11.964
6.3546,2.0168,-21.709
6.3606,6.2946,-14.557
6.3608,-5.2505,-17.258
6.4107,-6.0735,18.736
6.4568,4.5573,17.07
6.5077,-6.3593,12.128
6.5171,-1.9802,20.588
6.519,-7.4674,-6.2666
6.5259,-0.1184,-21.284
6.6016,-7.1917,-9.7812
6.6447,-7.3648,-4.7553
6.6485,3.1105,-20.952
6.6664,-6.7062,2.7849
6.6985,8.1352,-0.24133
6.7034,-6.5794,7.492
6.7171,-6.1837,-14.341
6.7622,7.0327,-10.451
6.772,7.7396,-5.748
6.8275,3.2136,17.786
6.8483,-6.6308,4.198
6.8806,-7.1428,-3.2712
6.8971,-6.1668,16.564
6.9102,6.4331,-12.992
6.9563,7.2926,-8.8162
6.9995,7.8754,11.697
7.0028,-6.1625,14.963
7.0035,-6.4113,-12.945
7.0136,-6.7222,-11.324
7.0216,-6.3331,10.361
7.0446,-2.1001,-19.85
7.0457,5.2345,-17.016
7.0564,8.2694,5.689
7.0696,4.5731,-18.398
7.154,8.1314,9.9952
7.1702,8.1346,1.6987
7.2587,-6.6719,0.097772
7.32,-5.5256,-15.418
7.3205,0.74408,19.169
7.3505,-3.6098,20.967
7.4145,-6.7884,-1.566
7.4257,7.7957,-3.5443
7.4297,-3.7051,-18.42
7.4797,7.422,13.472
7.5214,6.4611,-11.666
7.5379,-6.4054,6.4464
7.5514,8.1669,3.9033
7.5588,1.9154,-20.581
7.5611,-6.3008,8.7616
7.5689,8.2028,7.164
7.5932,7.312,-7.4194
7.6399,6.6969,15.061
7.6663,-0.78849,20.096
7.6889,-6.9309,-8.5908
7.6934,3.4777,-19.78
7.6997,5.4441,-15.501
7.7979,-6.9517,-4.2284
7.8007,6.8694,-9.4841
7.8239,5.8404,-13.806
7.8362,-6.3455,5.1157
7.8515,-7.0018,-7.1146
7.8658,5.5089,16.402
7.8825,-6.9771,-5.5128
7.8887,-0.77564,-19.465
7.9374,-5.9422,13.513
7.9478,2.2095,18.265
7.9832,-6.2493,7.4781
8.0296,7.7801,-1.5812
8.0312,6.0587,-12.597
8.0323,-6.3628,1.5596
8.0428,-5.7412,-13.832
8.0552,-6.3102,3.4646
8.1443,8.0688,8.7852
8.1716,6.9576,-8.4988
8.1947,-5.9575,11.585
8.2194,-4.4783,-16.512
8.2399,6.4679,-10.401
8.2412,0.65079,-19.508
8.2452,-5.1101,19.975
8.2513,-2.2046,20.645
8.2748,-6.4927,-9.941
8.334,4.5943,-16.904
8.3435,-6.6618,-3.0935
8.4024,-1.9351,-18.387
8.4171,3.8162,17.32
8.4425,7.3626,-4.7134
8.4916,-5.7956,15.49
8.5121,7.8231,0.34331
8.6115,7.1425,-6.2064
8.6374,-5.9546,9.9127
8.6437,3.5209,-18.151
8.6561,-6.2915,-0.24744
8.7687,-5.6656,17.734
8.7743,2.2073,-19.17
8.7959,7.9976,5.7232
8.7991,7.8326,10.508
8.8034,5.9644,-11.556
8.8048,6.5815,-9.2101
8.8262,-5.842,-11.892
8.8614,-4.9097,-14.834
8.8748,5.2487,-14.239
8.8755,6.8985,-7.6109
8.8768,1.2035,18.883
8.8955,7.4891,12.346
8.9186,0.012446,19.622
8.9209,6.7107,-8.4177
9.0055,-1.1699,20.211
9.029,-5.9564,8.2657
9.034,5.5318,-12.918
9.0848,-6.011,6.4209
9.1338,-3.0969,-17.151
9.1542,-6.5238,-4.5061
9.1604,-3.6882,20.743
9.1651,-6.2772,-1.8431
9.1741,7.016,14.061
9.2183,7.9272,7.4679
9.2237,-6.5453,-6.1925
9.2449,-0.39423,-18.306
9.2657,7.8202,2.3045
9.2862,6.0829,15.537
9.3088,-5.2035,-13.437
9.3304,-5.6408,12.508
9.3665,4.9584,16.495
9.378,4.6367,-15.36
9.4346,-5.9431,4.4615
9.4368,-4.633,20.146
9.4596,7.9085,4.1341
9.466,-6.336,-8.0727
9.4869,7.2661,-3.0498
9.5188,-5.929,2.6618
9.6117,1.0264,-18.37
9.6398,-6.2911,-3.1444
9.7471,-2.1836,20.522
9.762,-5.6122,11.065
9.7724,-3.8483,-15.608
9.7746,5.9977,-10.059
9.8096,3.66,-16.676
9.8146,-5.8935,0.96618
9.8256,6.4065,-8.3496
9.8342,-1.6291,-17.281
9.8348,7.4075,-0.86464
9.8417,7.7534,8.9847
9.898,-5.1028,19.297
9.9085,6.9133,-5.0223
9.9305,-5.8333,-9.9585
9.947,2.401,-17.77
9.9627,2.288,18.142
10.005,6.6396,-6.7216
10.031,-5.4738,14.036
10.037,7.5236,0.75347
10.09,7.4692,11.418
10.112,0.30437,-17.802
10.142,7.7635,6.4782
10.198,0.72599,19.175
10.23,5.3602,-11.703
10.253,-4.3794,-14.036
10.259,-5.8714,-0.69017
10.267,-5.6126,9.3931
10.338,-5.3944,16.089
10.362,-4.2878,20.224
10.369,-6.1929,-5.3866
10.378,4.7479,-13.552
10.391,7.5416,10.248
10.402,-0.76666,19.989
10.41,-3.2008,20.522
10.446,-4.9465,-12.52
10.471,7.7089,5.2094
10.474,3.9277,17.007
10.485,-6.1439,-6.5634
10.516,-5.352,-11.161
10.548,-2.5472,-16.1
10.551,-0.39927,-17.216
10.623,-5.5958,7.5899
10.671,-5.9098,-2.2971
10.736,5.258,15.938
10.762,-5.3486,12.305
10.765,7.6095,7.6584
10.766,6.3217,14.626
10.767,-6.0386,-3.9837
10.799,7.0457,12.848
10.809,-5.6057,1.9969
10.904,1.0131,-17.16
10.908,7.412,1.7782
10.927,-5.2111,17.869
10.94,-5.7304,-8.744
10.945,-5.5684,3.5158
10.969,3.7985,-15.133
10.977,5.862,-8.936
10.983,-1.3407,-16.366
11.114,7.519,3.5373
11.119,-5.5224,5.5646
11.142,-2.2142,20.279
11.149,-5.8602,-7.4686
11.152,-3.2429,-14.658
11.208,2.5988,-16.389
11.311,6.0728,-7.4636
11.334,6.9437,-1.8544
11.367,6.7116,-3.7871
11.389,7.493,6.3184
11.41,-5.2876,10.676
11.412,0.15137,19.443
11.466,-5.2609,-9.9538
11.468,5.3307,-10.223
11.475,6.4025,-5.6757
11.486,-3.547,20.171
11.496,-4.8103,19.434
11.52,7.2089,11.089
11.568,7.1034,0.19798
11.579,1.2325,18.605
11.595,-5.4691,0.51909
11.63,-5.573,-1.2272
11.652,-5.1525,13.421
11.66,7.3343,9.2081
11.747,-5.1376,14.882
11.771,-4.7116,-11.437
11.78,-3.8807,-13.028
11.819,7.39,5.0575
11.843,4.5811,-11.864
11.907,-0.24126,-16.022
12.004,-1.8516,-15.139
12.085,-5.0908,16.5
12.088,-5.2772,7.0534
12.104,4.2685,16.311
12.112,3.7573,-13.506
12.117,-5.2114,8.7969
12.138,6.3126,13.813
12.16,-5.6494,-5.6904
12.165,2.7145,17.466
12.192,-5.287,2.3231
12.239,5.4648,15.101
12.252,-1.0606,19.746
12.29,7.2366,7.4823
12.311,1.371,-15.822
12.354,-2.7783,-13.882
12.379,-2.5944,20.013
12.399,2.7448,-14.902
12.42,5.4062,-8.5557
12.421,-5.0343,12.076
12.481,0.29365,19.102
12.491,7.0464,2.0938
12.497,-5.4878,-2.8878
12.567,-5.2057,4.078
12.594,-5.2587,-8.2551
12.768,6.6603,-1.0138
12.775,6.5502,12.306
12.787,7.1304,6.017
12.906,6.4461,-2.6249
12.913,-3.8948,19.711
12.935,-4.9212,18.132
13.009,6.1661,-4.4968
13.009,-4.6259,-10.157
13.021,-0.72202,-14.821
13.053,-5.0793,5.8107
13.081,-5.2191,-0.777
13.081,-4.9466,15.431
13.093,-2.9925,-12.816
13.096,0.3843,-15.111
13.1,5.6444,-6.5357
13.126,-3.8265,-11.658
13.135,-4.9404,10.398
13.22,6.749,10.399
13.229,1.173,18.229
13.259,6.9947,4.1992
13.316,3.4611,16.473
13.328,3.5736,-11.99
13.337,-4.8941,13.786
13.361,4.4647,-10.103
13.414,-5.0961,1.0501
13.446,2.7017,-13.405
13.459,6.8608,8.5586
13.495,4.3962,15.441
13.498,1.5329,-14.491
13.51,-4.9012,16.568
13.521,-1.7567,-13.619
13.522,-4.9811,7.4943
13.532,6.5916,0.4952
13.576,6.8624,7.1164
13.734,-0.3515,18.932
13.783,-4.8671,8.9709
13.82,-4.983,2.777
13.836,5.4719,13.857
13.856,-2.254,19.384
14.109,4.7788,-8.0053
14.132,0.032549,-13.821
14.259,-4.9008,4.47
14.26,-4.7523,11.83
14.263,2.222,16.909
14.278,-3.8051,-10.522
14.328,6.6383,5.9251
14.35,2.6214,-12.193
14.379,3.4118,15.893
14.393,5.7568,-3.2787
14.432,-2.4952,-11.702
14.433,6.0736,-1.284
14.454,-5.0545,-4.2445
14.462,6.4841,2.3598
14.483,-4.4086,-8.9616
14.488,1.5627,-13.035
14.494,5.3725,-5.0115
14.567,-4.0739,19.065
14.571,-4.976,-2.0082
14.7,4.9083,-6.4471
14.711,-4.8405,-6.7413
14.732,-4.7074,17.341
14.734,-4.7292,15.416
14.743,-4.8849,-0.10611
14.749,3.173,-10.799
14.767,-4.8095,6.1898
14.802,-0.99517,-12.531
14.847,-4.6895,10.023
14.888,5.8945,11.655
14.896,0.53508,17.805
14.903,6.3239,9.5264
14.916,4.0169,14.756
14.977,6.3857,7.5957
15.004,-4.7923,1.5595
15.262,3.8782,-9.0738
15.306,-4.6806,8.1227
15.317,-1.1635,18.497
15.342,5.9527,0.61964
15.394,-2.7325,18.693
15.421,-4.7235,3.1689
15.507,-4.6235,13.393
15.545,5.0527,-3.9068
15.558,1.944,-11.632
15.562,0.36651,-12.376
15.574,6.1894,4.414
15.616,2.6157,15.535
15.665,4.1852,-7.2882
15.688,6.1481,6.2043
15.771,4.5722,13.284
15.829,5.2235,-2.3574
15.906,-4.6658,4.786
15.939,1.2641,16.479
15.959,-4.0984,-8.077
15.969,-3.1465,-9.7986
16.049,5.4,-0.7697
16.052,4.4514,-5.3889
16.071,-3.9077,18.086
16.075,-4.6454,0.54813
16.184,3.3798,14.316
16.26,-4.6563,-1.0127
16.273,-4.5583,9.5103
16.286,5.7266,10.25
16.29,-4.446,16.527
16.315,-4.6508,-3.0294
16.342,-4.5384,11.28
16.37,5.7158,2.3549
16.378,5.8685,7.1933
16.393,5.8556,8.6443
16.393,-1.1882,-11.233
16.416,-4.5684,-5.1098
16.484,-0.34345,17.166
16.522,1.6739,15.566
16.528,-4.5797,6.4384
16.563,-4.5832,1.9199
16.572,3.3619,-8.1586
16.581,2.5311,-9.8047
16.632,-4.2861,-6.7833
16.689,-4.4493,14.845
16.769,-2.2628,17.735
16.836,0.80083,-10.937
16.909,4.8144,11.607
16.914,4.3988,-3.4981
16.942,-4.5441,3.4929
16.962,2.2019,14.68
17.03,5.1131,0.58691
17.131,5.5362,5.8934
17.132,3.5168,-6.6388
17.238,-3.6917,17.269
17.42,-4.4689,8.2075
17.443,-4.452,9.8958
17.472,-4.4828,4.9438
17.508,3.3293,13.165
17.522,5.3385,3.9728
17.537,4.4938,-1.3926
17.564,0.61424,15.573
17.635,5.3401,7.6337
17.699,-4.3858,13.168
17.728,-3.3454,-7.9338
17.781,-4.4369,0.37894
17.783,-0.2952,-10.178
17.788,-1.7679,-9.4644
17.827,3.5857,-4.9156
17.915,-4.2864,14.616
17.973,-4.0805,15.939
17.992,5.0432,9.6428
18,-2.8205,16.84
18.014,-4.3771,-1.8638
18.024,-1.3249,16.419
18.042,2.4424,-7.8941
18.078,1.1126,-9.4325
18.082,-4.2442,-3.944
18.087,-4.002,-5.9164
18.089,-4.4072,2.3673
18.111,4.8573,2.2082
18.184,-4.4153,3.7692
18.271,-4.4097,6.365
18.37,-4.3644,11.101
18.393,1.6318,13.965
18.431,4.9534,6.5851
18.481,2.8832,-6.1789
18.59,3.7223,11.328
18.617,4.8453,5.2627
18.668,3.5849,-3.0661
18.698,-0.66125,15.416
18.741,4.2329,0.49319
18.814,-4.3683,9.3773
18.927,-0.36248,-8.9856
18.965,-1.4574,15.694
18.966,-4.3585,4.8037
19.086,0.13827,14.462
19.133,4.5314,3.7268
19.181,2.3695,12.47
19.209,-2.6019,15.907
19.286,-4.067,14.49
19.289,4.4342,7.8465
19.295,-4.3222,7.7182
19.316,1.0213,-8.0384
19.367,-1.9087,-8.1567
19.408,4.4708,6.2901
19.417,-4.3104,3.2401
19.546,3.578,-1.1746
19.558,1.979,-6.6492
19.567,-3.0921,-6.6745
19.643,-4.2641,1.4018
19.683,2.654,-4.7547
19.697,3.6416,9.7464
19.731,-3.6521,-4.8627
19.76,-4.1926,-0.7085
19.762,0.89132,13.161
19.771,-4.1531,12.413
19.788,4.0852,2.1292
19.803,-1.3056,14.877
19.826,-3.9806,-2.8618
19.827,2.689,11.064
19.923,-4.2771,6.0671
20.025,4.1975,5.1296
20.149,-4.2498,10.458
20.195,-0.35518,-7.7413
20.199,-4.2524,8.863
20.226,-0.38382,13.716
20.329,0.82448,-6.9654
20.436,1.4443,11.688
20.457,-2.7817,14.797
20.491,2.7921,-2.6993
20.519,-4.2187,4.4388
20.537,3.5045,0.5544
20.596,3.7925,6.6369
20.724,3.8526,3.6618
20.779,-1.7479,-6.8788
20.854,-2.7691,-5.6475
20.861,1.3267,-5.6683
20.865,3.2001,8.3245
20.948,-0.054608,12.428
20.965,-3.6511,13.592
21.023,2.1126,9.98
21.083,-4.1407,2.662
21.132,-4.1228,7.4126
21.267,-1.7643,13.433
21.272,-0.14072,-6.4126
21.277,2.7997,-0.94031
21.335,-4.1027,5.6615
21.392,3.3229,2.1689
21.485,1.7668,-3.9577
21.519,3.3917,5.2059
21.527,-3.7351,-1.7595
21.585,-4.0154,9.3429
21.616,-3.0856,-3.9392
21.665,-3.9585,0.48445
21.681,0.53254,10.904
21.856,2.0276,8.5388
21.885,-1.542,-5.4132
22.025,1.8947,-2.183
22.046,-3.5632,11.596
22.115,2.5349,6.9653
22.122,2.8952,3.6601
22.137,0.24311,-4.86
22.175,-1.1272,11.565
22.217,2.4719,0.74759
22.275,0.84964,9.3191
22.337,-3.8488,4.2017
22.442,1.8908,-0.74311
22.54,2.4309,2.3632
22.664,0.53872,-3.09
22.671,1.2041,7.97
22.678,-1.2322,-3.7055
22.702,-0.37518,10.118
22.709,-3.7475,6.1887
22.771,-3.5334,8.0326
22.816,-3.6935,2.22
22.837,2.1261,5.1397
22.854,-2.5364,-2.3059
22.917,-3.4418,-0.9005
22.946,-3.3934,9.6434
22.954,0.72788,-1.3865
23.153,1.0291,0.20335
23.186,1.6235,3.4791
23.206,-0.82542,-1.9855
23.226,-1.9154,10.167
23.261,1.3064,1.8337
23.281,0.94324,6.6005
23.461,-0.53955,8.3045
23.61,0.51023,4.8558
23.63,-3.1518,3.3558
23.639,-2.507,8.6752
23.669,-0.43543,-0.37134
23.674,-2.0954,-0.80553
23.711,-0.15812,1.2585
23.722,-3.36,0.55491
23.751,-0.10632,3.0736
23.801,-0.70244,6.1657
23.849,-2.7387,4.8904
23.85,-1.2691,2.1039
23.879,-1.1004,4.657
23.896,-1.8325,3.3537
23.897,-1.6493,0.78389
23.94,-1.7384,5.6447
23.94,-2.6045,2.0664
23.951,-2.3906,6.8836
